Id,SalePrice
1461,128196.64931319976
1462,157939.4928732908
1463,190839.4323580517
1464,193665.49420512278
1465,186871.10445899493
1466,170683.48585044997
1467,173617.12573216687
1468,167269.44856229983
1469,172583.02870780267
1470,126829.8172888761
1471,198173.7360581754
1472,94036.74939483838
1473,98731.62315244923
1474,149268.2672810215
1475,114584.56698909425
1476,381053.03338561044
1477,249120.8447691676
1478,284955.8928617672
1479,275801.7287580046
1480,545555.5150284449
1481,321739.7269680953
1482,204870.0543373041
1483,175518.8808449268
1484,169725.3610815741
1485,183004.01781486522
1486,197557.8513705578
1487,344682.6061938389
1488,230343.72031896387
1489,206701.44618101045
1490,237684.52935360055
1491,190473.62198405343
1492,94864.17293744243
1493,181905.2355222716
1494,286325.91234120296
1495,280223.36424351076
1496,251418.91786161932
1497,183009.58757303318
1498,166095.2236827873
1499,160102.31758254257
1500,158300.45879561536
1501,180502.35965393233
1502,146101.6465194514
1503,287466.2306412794
1504,237387.40300316137
1505,230078.4936765863
1506,185655.46397189505
1507,256527.87524234946
1508,196611.51803047687
1509,159174.79001738643
1510,145134.5372137872
1511,150416.71180259055
1512,173540.72544119303
1513,147605.66354999115
1514,162679.72527792427
1515,197215.43297707645
1516,148997.50081911025
1517,155715.91493212213
1518,130646.38539385957
1519,233801.88287466814
1520,134816.0707254373
1521,135693.57021312683
1522,164623.86464654555
1523,114697.17205544334
1524,121043.03724630756
1525,124698.47223156369
1526,116571.49288261245
1527,105063.34137381174
1528,129048.37843609677
1529,150105.62577573443
1530,170242.8296189313
1531,105772.92738641275
1532,95701.40008374934
1533,148018.63396746572
1534,121561.82072994299
1535,149356.3504694373
1536,106787.24158760576
1537,64300.38230975511
1538,151593.7075584972
1539,192409.1730624821
1540,94240.0144067966
1541,139838.02608503122
1542,135668.71461488467
1543,203258.91870419926
1544,78168.5175369806
1545,108900.27427878928
1546,133708.84411515703
1547,136774.23487751785
1548,137575.84951082902
1549,112894.75991908931
1550,141645.25408979907
1551,107523.1951390239
1552,143243.3348511393
1553,147263.92755721384
1554,114996.5603509414
1555,168917.78162407613
1556,83567.2509537435
1557,105074.39852374168
1558,98316.59215087714
1559,63403.61019882018
1560,128894.89035740611
1561,132755.05024830572
1562,127874.797212498
1563,121493.98868168308
1564,159669.60218888085
1565,150234.03760928186
1566,234662.33372659085
1567,74328.26633677253
1568,228299.2862728936
1569,140320.13122124661
1570,136018.6417320068
1571,116641.17727813765
1572,145346.99803052907
1573,244509.4474588203
1574,115881.66543536543
1575,217967.09522693872
1576,245277.27690758786
1577,196856.69096336074
1578,145193.37646022142
1579,144715.43853903486
1580,192293.2637124943
1581,151604.32241356146
1582,125298.55918372769
1583,330701.950926702
1584,229754.14679446266
1585,141087.22988033062
1586,72240.74098687651
1587,99935.49333904525
1588,151389.03352334036
1589,102638.33751160922
1590,131425.8608754223
1591,94315.31271247889
1592,119538.28966923957
1593,120236.930845289
1594,130149.35527723613
1595,108522.64884220673
1596,238308.20905883078
1597,182898.20131691566
1598,202986.25132099306
1599,163421.73677081027
1600,167573.84425582015
1601,64422.78004412363
1602,118993.73409797307
1603,73223.0833101056
1604,267854.4636813796
1605,241416.69026380562
1606,165079.32233247883
1607,171853.67211815674
1608,214096.8722647955
1609,190204.18915844912
1610,158428.524947455
1611,140053.3981914638
1612,168884.29417528637
1613,171076.8782602414
1614,122167.6159026773
1615,85962.02660672566
1616,71103.37967161309
1617,89738.19220946688
1618,125748.30905747949
1619,142786.7293713076
1620,162543.802267396
1621,139235.44825769257
1622,142361.26412387443
1623,264213.53919861943
1624,216580.6185249306
1625,119540.10852019323
1626,160932.2841572003
1627,193706.3300585659
1628,275140.85007851635
1629,176509.76595415623
1630,370468.9412155098
1631,212577.03008297487
1632,229775.93037031544
1633,172066.4438795917
1634,191483.4535601716
1635,178988.92901035975
1636,157306.94265292154
1637,200767.79599438037
1638,182805.81298174482
1639,187942.64458497643
1640,256320.09880149685
1641,174675.72057856907
1642,230366.99548993973
1643,219999.9439671424
1644,227908.07211582354
1645,200334.35772311717
1646,159898.1330509805
1647,153526.56461552906
1648,134902.34871546505
1649,138719.2173346687
1650,115730.88282715985
1651,120436.22462748224
1652,95696.34320176291
1653,95863.75345803512
1654,144681.3255316533
1655,143470.2632589442
1656,145655.7809696648
1657,146933.5977292481
1658,145090.34199343098
1659,118822.00970798344
1660,157413.66544169746
1661,477624.85569836653
1662,392594.2071785764
1663,385456.2165238684
1664,526947.686548229
1665,307508.9727192348
1666,324542.85623718204
1667,376012.1235387606
1668,337318.1631460087
1669,295213.37320030085
1670,355129.8352939248
1671,262180.50416807743
1672,480132.9583052824
1673,290855.6484110147
1674,242189.45527263838
1675,192028.38631661044
1676,194512.8052649044
1677,223063.6210209159
1678,490863.1873135585
1679,400194.13144184515
1680,351876.1233817026
1681,248502.65983195422
1682,299417.0727668352
1683,177270.6642640966
1684,170765.54051483778
1685,166800.61674181008
1686,167489.0503329304
1687,166038.1357437406
1688,192348.3754946093
1689,191955.32176716736
1690,191061.49925498207
1691,183481.46313019935
1692,261764.60434740226
1693,170503.9029545767
1694,181494.08755119776
1695,167000.67976251806
1696,271755.8215294257
1697,169002.54471165102
1698,362245.020886388
1699,327593.21737682354
1700,251820.67805949104
1701,261911.04419692577
1702,251311.1831035221
1703,254814.83576716785
1704,278032.8872553376
1705,223114.25083313405
1706,443550.2030818114
1707,217382.04391218923
1708,210883.96402809542
1709,274197.8503558085
1710,225152.1473481628
1711,265262.7904796067
1712,264441.87975291844
1713,282984.87162583275
1714,222876.73794234553
1715,206090.21709926514
1716,180670.18553039475
1717,166364.1496386314
1718,135298.40084613994
1719,194726.4731942086
1720,236471.82120782122
1721,161716.79207294807
1722,126899.84988515585
1723,156462.96595490136
1724,215390.9018057235
1725,240007.33239755261
1726,187854.06847897268
1727,161468.10742500031
1728,172570.78412422107
1729,171372.83987209282
1730,153731.78269240446
1731,121433.36835652022
1732,131014.28043381826
1733,119551.08893339545
1734,126097.64616116551
1735,129603.49457689874
1736,116566.32017380997
1737,301386.7999177823
1738,222596.6659522078
1739,270787.507577906
1740,243101.82174907575
1741,195226.02355989744
1742,175421.13771679974
1743,174908.78303025482
1744,309710.79352444364
1745,219816.35390021442
1746,181163.55051028501
1747,215433.78769646696
1748,223397.67520108673
1749,152010.48301919494
1750,127408.05954608468
1751,232052.10672832944
1752,121717.0683754281
1753,150172.76469301252
1754,190620.8435829893
1755,170745.5096543642
1756,128367.7897262101
1757,123745.48115552522
1758,146587.25817638444
1759,160194.19763705484
1760,164337.85175825737
1761,139823.64667230396
1762,181922.78680381525
1763,164946.3416920849
1764,115329.77979157536
1765,161102.71037833096
1766,178219.1518915668
1767,218075.49565557082
1768,150144.0404296777
1769,170956.22571994681
1770,149653.9643386876
1771,124756.11673402585
1772,134895.10767042445
1773,135334.1647304797
1774,139394.9179064638
1775,137136.7295337663
1776,126549.97257482672
1777,117341.5136106163
1778,142530.44802778278
1779,120118.34011425104
1780,171086.9413021112
1781,128047.68869312844
1782,88079.53803464168
1783,145363.57359551266
1784,107790.61262290098
1785,121675.15639595469
1786,140608.3832260389
1787,157711.26737243845
1788,53106.82314476566
1789,99813.85446243017
1790,79332.93774855268
1791,181480.812603404
1792,156002.39589204328
1793,130074.16796017376
1794,150791.88849871623
1795,131017.11715346668
1796,121632.40435540106
1797,114503.62185259628
1798,125251.05422599791
1799,111357.43288897586
1800,135621.89310032746
1801,131938.90557594527
1802,125097.02923867232
1803,148580.22251495294
1804,142444.61811918137
1805,134617.2577200963
1806,116695.83109912477
1807,124959.27305553228
1808,120259.63839285521
1809,120143.9289229684
1810,148746.5140248704
1811,94389.59609359497
1812,92343.46351488591
1813,125513.52355578568
1814,101131.27957438653
1815,51302.58192767989
1816,100922.27346007185
1817,114813.60860623418
1818,150578.55384031322
1819,125233.7895564929
1820,48198.20265304138
1821,108890.34430809478
1822,147516.18345177648
1823,40899.34034098954
1824,129982.81711284554
1825,136673.21429728594
1826,105250.88729524257
1827,102655.53586659208
1828,138445.45574372308
1829,114985.73550916789
1830,145152.81597218386
1831,144793.10991590554
1832,81858.1712483424
1833,143320.43551274395
1834,118700.92036004392
1835,122205.22796040746
1836,124960.00019817657
1837,90679.7241213745
1838,129313.59090842024
1839,92313.90240373243
1840,164250.2029736121
1841,145551.26631751953
1842,85594.36964776195
1843,131925.9074998487
1844,136543.50895563653
1845,141551.03642200067
1846,153051.26450890323
1847,166564.60435913643
1848,57307.49854010114
1849,107666.4578367201
1850,116455.38225161997
1851,150449.97965793277
1852,124254.57488281699
1853,137404.92547116405
1854,168886.27968138707
1855,144488.25646343673
1856,215268.41566806263
1857,145187.65532223845
1858,137929.25813182385
1859,117661.65585566047
1860,153467.10722682328
1861,117187.95310383396
1862,312718.5134078881
1863,300341.48288826307
1864,300820.0597828572
1865,321927.25020742195
1866,334627.62866356375
1867,235746.53810369276
1868,306317.84335144854
1869,202836.3123054279
1870,230058.89387601346
1871,244441.10951935066
1872,169788.7951542078
1873,234263.0416543219
1874,141688.90425918903
1875,198886.86730017368
1876,196622.392229811
1877,208384.09032704096
1878,203914.37339549998
1879,130338.82121792011
1880,133917.26772605936
1881,237541.12424221882
1882,246342.1978651368
1883,189593.73112968678
1884,207567.23176744746
1885,236679.24906470705
1886,291748.6046206248
1887,204317.3668808529
1888,277174.0338927606
1889,163215.2973670456
1890,122188.48281391137
1891,129751.77855027502
1892,102858.97544721472
1893,130597.29012679993
1894,126728.12040105308
1895,133291.69233267492
1896,124321.57734806383
1897,120253.69415322854
1898,108819.2173552049
1899,158071.35835617405
1900,146320.24648099253
1901,173259.92614478624
1902,143935.33464613574
1903,208437.8795666585
1904,146322.74520541242
1905,196337.48508726642
1906,171778.7042663698
1907,199265.45243828683
1908,111951.01923214913
1909,133340.2650459187
1910,119105.77209883272
1911,215344.26555506786
1912,309318.8763677432
1913,148129.11431452323
1914,55452.593144883416
1915,321396.96301493206
1916,68752.10392775548
1917,248192.628660267
1918,139822.23161373625
1919,166899.92731095105
1920,146565.78045103204
1921,424060.16577796213
1922,319487.7421867209
1923,210701.36478105476
1924,226207.21630854261
1925,192478.37281718012
1926,407445.9577955731
1927,131999.73449587703
1928,155080.97328458907
1929,125069.97183396309
1930,126417.48888095937
1931,145142.13221888675
1932,139167.06566325013
1933,190432.80655543398
1934,183134.37668677297
1935,175624.09172056965
1936,184992.80496976533
1937,180699.51096644
1938,178544.99840873433
1939,228295.13449483563
1940,184035.10752920277
1941,175093.90248983714
1942,186169.72433168528
1943,197947.01864877302
1944,362846.13054188836
1945,397767.67785647966
1946,142012.80453920882
1947,310094.71753673314
1948,177271.97111799766
1949,250096.97988885094
1950,183276.01785298286
1951,249325.54386080918
1952,202889.95631640186
1953,169940.46163987537
1954,178562.68881470157
1955,135016.71590341046
1956,287038.34752917354
1957,154719.3635185115
1958,321612.6107114258
1959,141053.4491931392
1960,115503.17593510938
1961,121254.90928902998
1962,95465.66557729192
1963,101839.96282690566
1964,112019.93256294707
1965,146912.382947032
1966,139692.23997926034
1967,288465.399307249
1968,452432.66985053936
1969,396084.7362922628
1970,453286.1147108171
1971,449739.2239682749
1972,387838.4454296265
1973,255186.2521985952
1974,323204.2586193625
1975,545800.0588780316
1976,270471.11425630876
1977,365241.62119924254
1978,367719.6182749681
1979,337008.18234921736
1980,200676.11728288315
1981,336598.91596663836
1982,220203.00465478015
1983,206498.4643196877
1984,163061.3642956514
1985,222379.19756667197
1986,217532.4266779295
1987,170415.93838417035
1988,176989.95622880012
1989,190915.21032332367
1990,218514.79891854542
1991,242120.67602701607
1992,212214.40610617824
1993,166452.66203516215
1994,229084.1661722241
1995,187396.47949998136
1996,250862.15421831308
1997,309116.1385691123
1998,340329.01245923655
1999,267989.4494337519
2000,324568.430207378
2001,274125.0619369815
2002,243949.77359739228
2003,255925.13639317977
2004,277402.2390984477
2005,210131.66316477052
2006,228882.65957341
2007,247123.401124382
2008,226409.46084099956
2009,198828.30800449662
2010,188494.25520591572
2011,137422.72032941884
2012,178771.24576826356
2013,181675.56115234466
2014,183824.8874996408
2015,198992.58611629915
2016,197813.80185402458
2017,195265.88223572957
2018,121894.36728072062
2019,135783.7977132724
2020,105520.54667675188
2021,109178.07367394037
2022,177095.43318217515
2023,144420.5628792438
2024,254562.50730131354
2025,337173.49300385296
2026,177303.4101759767
2027,158939.61716768343
2028,150756.928943782
2029,171894.93559278437
2030,260594.02364599888
2031,220350.94441807995
2032,243763.7275462117
2033,257726.091252702
2034,166455.31691779554
2035,215180.30359755876
2036,192795.7191713713
2037,199035.83099201566
2038,294792.0889489981
2039,213883.16726376044
2040,269569.41981102526
2041,289785.6603313297
2042,205839.12149367243
2043,173759.47813917458
2044,166768.76883050863
2045,208151.5452453863
2046,142684.61973225014
2047,148426.80998169113
2048,140837.27976767113
2049,138714.70324571984
2050,176688.01682963522
2051,104854.45658029622
2052,128463.87758690033
2053,143897.14953148595
2054,78258.89062492058
2055,161616.35210906155
2056,142445.03733281133
2057,115788.07497213095
2058,225444.77682072954
2059,134539.46573444124
2060,172077.10688610177
2061,171641.4779342138
2062,131341.29527830827
2063,113338.19733075652
2064,145008.41824704045
2065,122616.8936180798
2066,162932.9331569208
2067,112172.36237184936
2068,139087.13505596312
2069,83812.16573023333
2070,114521.34474131968
2071,98852.75970238139
2072,127266.56483681519
2073,139318.91342904154
2074,178901.59722864174
2075,140589.016962308
2076,120146.92692261265
2077,159157.1649817645
2078,132427.61738752085
2079,135153.81062687456
2080,118175.87755924363
2081,125113.80409888846
2082,128286.79784975934
2083,140749.62085401255
2084,110474.97301148837
2085,124078.60869913477
2086,110372.84945426529
2087,118572.99947143323
2088,91607.88318647393
2089,76522.65046632479
2090,124507.75791484644
2091,119721.57638880471
2092,127171.32825210341
2093,109113.35205528785
2094,106816.99651944784
2095,143128.464159097
2096,78847.5795917922
2097,90063.93233725784
2098,145459.54811090446
2099,54925.05787324968
2100,80887.73025155676
2101,120082.00359046471
2102,121591.41090675599
2103,104371.2104392901
2104,135043.74426284904
2105,120434.94196616692
2106,66906.59998377191
2107,215344.0436108614
2108,111606.86710592634
2109,109844.0360894913
2110,134739.92879940302
2111,137320.68230968303
2112,143718.96165536006
2113,124057.61324350163
2114,107248.3612615971
2115,161395.4880649219
2116,119921.15217370835
2117,154261.28894414182
2118,129757.33534192668
2119,111439.95506416471
2120,108318.90724430743
2121,85229.77139941187
2122,118264.92086924508
2123,85022.5471193528
2124,159924.94065497385
2125,129387.80405336348
2126,153378.0810024323
2127,150593.33151495445
2128,124370.8657171379
2129,94985.69988225307
2130,144092.09169740367
2131,141067.99490848792
2132,118550.57309611747
2133,126899.0709438821
2134,124035.80824294832
2135,95708.12641960835
2136,79333.70283265693
2137,113211.57464687075
2138,132113.83960983346
2139,151235.15208838653
2140,140261.8069702777
2141,145983.23193266464
2142,129853.32532262398
2143,148618.99667389342
2144,116732.02703515135
2145,138290.2219204331
2146,160276.75069990184
2147,146405.14869587647
2148,133263.10800635268
2149,149085.8643952228
2150,223844.22411434358
2151,106087.19825215888
2152,174491.6061038661
2153,162150.62768426767
2154,110277.17821946155
2155,139247.04488854253
2156,273264.85012396506
2157,229657.5121453274
2158,234143.53669824384
2159,200469.29189499206
2160,170997.21644710383
2161,237253.67694857833
2162,382885.96747966844
2163,374233.8330337682
2164,240287.26476967044
2165,204378.8424469116
2166,149253.02274058768
2167,210386.5262675077
2168,201772.6730122125
2169,195180.09734409867
2170,219321.26997537306
2171,153355.7359227843
2172,129953.00173148788
2173,163888.8609738613
2174,228589.65970514464
2175,293047.83116424613
2176,325337.8794649522
2177,242408.45163326315
2178,208561.79994053353
2179,140847.52518940566
2180,221217.59303685243
2181,189757.52464212305
2182,221372.32365207505
2183,191269.68278959848
2184,122263.79943365838
2185,118066.7667089293
2186,147042.97877737513
2187,150161.01913105557
2188,155981.1032305197
2189,275289.27496006014
2190,81118.76447748474
2191,80728.2366462335
2192,93957.49692175275
2193,106888.90757223946
2194,102263.96847884057
2195,109786.43983928372
2196,100566.7418487927
2197,117220.58712918311
2198,155154.34734931987
2199,178415.64349089793
2200,152304.96856986923
2201,140481.63123583398
2202,211200.824471459
2203,143667.67409007068
2204,182503.170706064
2205,119773.77765767515
2206,145187.33272666228
2207,225917.9173045308
2208,252970.62883198046
2209,246770.2776982274
2210,122175.52907145218
2211,111825.16270079839
2212,117183.60977922392
2213,109562.04778198566
2214,137308.3826949168
2215,101266.09677695093
2216,150515.11906749528
2217,72018.11314988995
2218,59662.09153891045
2219,56810.35911200625
2220,58521.0851462366
2221,324684.8484160207
2222,283361.90788877447
2223,293236.6269376726
2224,212533.36924449698
2225,118471.53350411494
2226,191537.65310286262
2227,202277.18151668244
2228,263082.5853188579
2229,246070.41859196225
2230,158626.70929315465
2231,212021.8612569177
2232,181137.1256887142
2233,179195.34129287724
2234,234821.82548277167
2235,222004.1010027422
2236,258716.3264961143
2237,357726.5908553471
2238,202075.35468063073
2239,113208.75393595398
2240,157305.74693061685
2241,164064.07117665972
2242,123765.99178603849
2243,126652.7158618015
2244,99569.64310774911
2245,99624.12510342241
2246,141041.9068505868
2247,106281.07703124722
2248,125193.60716695114
2249,123849.3250927171
2250,132938.53694605822
2251,106445.95024100532
2252,173603.96411894073
2253,154707.76236970827
2254,178383.41580832173
2255,192167.39750456822
2256,180443.19600214664
2257,205961.0309666046
2258,161837.15599074954
2259,180725.79940011125
2260,156816.90335499222
2261,182306.00963295656
2262,200236.4788582216
2263,382611.4604088961
2264,504386.8911120656
2265,177839.7157109487
2266,293237.85808560275
2267,382533.9894176045
2268,431868.3354064198
2269,150905.46142998393
2270,196496.59639030008
2271,211157.1710290509
2272,197221.26201893686
2273,167545.78353754827
2274,181875.11437061452
2275,169443.21910632166
2276,193446.88852496442
2277,187975.0899716603
2278,148367.35282169946
2279,124630.51017837768
2280,116235.86628910314
2281,178283.40380265712
2282,194036.7006535472
2283,102835.50477749587
2284,107700.45263130881
2285,139768.86428863977
2286,122840.75218664538
2287,353419.2089164861
2288,280047.8346487547
2289,391961.3643189034
2290,467543.9508170638
2291,324172.23069334176
2292,452026.62486968585
2293,483959.80245819356
2294,421691.9254360389
2295,498869.52104170714
2296,286570.96764331165
2297,318462.51047622506
2298,318136.89747616294
2299,379905.82982088445
2300,347372.70180527854
2301,294598.0729624877
2302,248417.46170809894
2303,231040.8134474052
2304,238969.46701291192
2305,187857.5751216726
2306,185862.2952666725
2307,194989.27724755945
2308,220433.08013164843
2309,277191.9584519291
2310,211465.11721548738
2311,194416.49960666327
2312,173519.59462008544
2313,173990.46599861275
2314,170013.8573634169
2315,173936.246499223
2316,190108.3310896604
2317,183191.19548911005
2318,177489.86408878455
2319,174840.13351348625
2320,186514.26092936698
2321,235936.64678149862
2322,168119.61185030174
2323,184587.33111206593
2324,174178.57142036888
2325,209398.6305121724
2326,171694.56857277118
2327,210295.5848741673
2328,227088.33013405086
2329,184701.08139387768
2330,178962.3367585189
2331,360160.55372897256
2332,385594.2095444534
2333,316669.6384588669
2334,256935.39012556436
2335,267735.1489063712
2336,331837.09867916023
2337,205302.9752642393
2338,271599.25721902354
2339,210614.3379457948
2340,416754.5733134855
2341,215213.5314336924
2342,224518.61550744795
2343,223347.3425009625
2344,216527.010892889
2345,233336.58309111392
2346,212347.30958700101
2347,201080.993302832
2348,234931.59804965582
2349,179935.11850123835
2350,301240.98960707715
2351,263888.37071133254
2352,260464.0278967889
2353,254554.8171994243
2354,137949.64752454375
2355,140158.7494041351
2356,153779.38142622617
2357,192830.88937955853
2358,194530.48431206652
2359,128208.82742372167
2360,116771.73932702259
2361,145316.2076699792
2362,275905.2267313447
2363,139003.7663096365
2364,154151.06151257484
2365,216482.81968896557
2366,190385.1408678675
2367,217288.35819041898
2368,216634.64482188624
2369,215076.49374150962
2370,169941.8378429428
2371,168674.51106614212
2372,195690.5811161166
2373,288585.7930133102
2374,321845.1710082609
2375,250383.06265306065
2376,284845.50464081933
2377,348089.96190595225
2378,146368.67511411838
2379,198769.78431700275
2380,147972.34354656446
2381,162939.2003938505
2382,199314.122646498
2383,202521.23110370745
2384,245656.8808788521
2385,159578.7384178529
2386,135560.1630228778
2387,138223.18035082542
2388,97750.81014016067
2389,122079.32128638346
2390,152487.72579375998
2391,146022.1631260754
2392,116065.32182766922
2393,164132.0583589197
2394,143472.56789259156
2395,205430.95101706404
2396,145416.82650379906
2397,206299.57430064265
2398,134726.74281936313
2399,56362.612103124295
2400,54749.03100362797
2401,111891.11166896592
2402,137793.68379360545
2403,137819.31064558876
2404,152669.98618736118
2405,157639.54847216708
2406,142776.5847552725
2407,122933.12605302886
2408,143551.9862515475
2409,124182.92915788955
2410,164495.36055287777
2411,119998.6037180463
2412,155373.88533221983
2413,131213.5789234944
2414,146762.49393609556
2415,130973.73725276133
2416,125286.9945380041
2417,133543.48960778565
2418,130105.81283848583
2419,125489.17651849434
2420,127200.64116196378
2421,149787.564332852
2422,107594.0337193408
2423,117211.77891332589
2424,150482.46770227747
2425,205464.18596692925
2426,132016.33619871153
2427,132401.96139320964
2428,174507.6773950818
2429,116195.04257601194
2430,133654.21792499372
2431,110162.8139184629
2432,146440.82107843
2433,147287.18637883346
2434,137788.5796540957
2435,155676.0036166257
2436,106790.29188319293
2437,109346.25407448718
2438,127433.88108663111
2439,108041.04708292653
2440,118496.2704202966
2441,91027.32226711919
2442,95002.99762908155
2443,121231.97259937823
2444,129272.51846241124
2445,81949.3406605838
2446,142617.96680610455
2447,184079.31945925477
2448,133356.10809526363
2449,109429.05591111505
2450,147849.03978989713
2451,129855.14450167489
2452,199064.29584832842
2453,86263.53376924919
2454,124630.15787896948
2455,121092.11091980849
2456,136147.03683860708
2457,133866.55353535287
2458,129344.98717973207
2459,113703.65739000426
2460,130363.83132590169
2461,120353.27286954854
2462,136603.16373994018
2463,123221.0781672807
2464,179679.9649615951
2465,146004.47531382518
2466,120507.0344900837
2467,130401.400399931
2468,81926.9276016833
2469,76479.17996444137
2470,187894.07097203867
2471,207816.4418700789
2472,161875.366629283
2473,117733.34930454777
2474,84749.1773567106
2475,213028.68320963683
2476,116705.08741084023
2477,128753.42340551819
2478,149542.61411397846
2479,104634.17375290333
2480,157193.99522599834
2481,123453.54412853933
2482,130770.45493674336
2483,113460.85709794326
2484,125316.58262622377
2485,127603.16910246256
2486,159171.12087538754
2487,181562.83846002637
2488,158882.1727136849
2489,147897.11481299065
2490,152358.42201492336
2491,88681.93766042142
2492,196041.52720396005
2493,151632.83995699105
2494,145593.27683504327
2495,88585.0352616669
2496,244364.4544060932
2497,147827.65977594967
2498,110720.14336990306
2499,91510.36777715481
2500,133439.2598685627
2501,136266.17415077158
2502,151280.99889872962
2503,96462.44534771018
2504,180859.56121078995
2505,225628.46931144252
2506,252075.59641028434
2507,285269.36571418284
2508,251910.53195238102
2509,220335.1696787945
2510,215379.56742623262
2511,176813.10140454234
2512,206233.99060723907
2513,220499.9088829714
2514,261212.66592292098
2515,151559.4234163877
2516,174916.4076802521
2517,138426.05647875316
2518,148881.4570684544
2519,224814.4380553113
2520,214136.94656143937
2521,189693.1440682455
2522,220238.29898491583
2523,123744.8381239381
2524,140523.8462248005
2525,149731.13999534893
2526,135098.4781580497
2527,109230.31137132461
2528,131521.20151974563
2529,131666.19780533772
2530,119296.32054062546
2531,251632.13105826353
2532,224102.04179013858
2533,198139.5676596762
2534,218778.11979689696
2535,305845.39577494294
2536,236029.71059657988
2537,222855.8722257411
2538,181253.0712288411
2539,185671.43445915915
2540,181307.57059121632
2541,180127.3877726836
2542,172816.9785941764
2543,126384.75301757333
2544,122682.82661369698
2545,133814.0711378836
2546,128601.37195713277
2547,138162.65564975073
2548,152073.10712795882
2549,160724.99932051322
2550,696362.7946011514
2551,139576.61848915287
2552,127289.10861915861
2553,75995.29810358459
2554,102804.82174957277
2555,119243.45550135282
2556,106280.63992122018
2557,110036.40783004479
2558,157463.859771528
2559,142356.8742347793
2560,150433.5096216951
2561,140630.10744501185
2562,138040.5379495334
2563,148865.1167208826
2564,210811.25364046052
2565,136061.12639777077
2566,166222.03567596266
2567,137003.69298442904
2568,201968.6942581166
2569,214715.33338180312
2570,118045.25730718244
2571,188476.19366782147
2572,141182.17579386965
2573,218185.7662191343
2574,282068.7534906725
2575,130682.91775676592
2576,119807.22703099865
2577,157444.27659630196
2578,82509.72336283755
2579,65564.90103082692
2580,96240.62974175901
2581,101379.40442538491
2582,96080.2556138633
2583,278111.5446090639
2584,168771.85344832673
2585,189488.88878762105
2586,214403.2059069885
2587,190104.18934003758
2588,141701.8468120242
2589,150694.0030625256
2590,208997.6533252807
2591,220301.26027279592
2592,211146.51914659137
2593,244155.5894364493
2594,176720.96402739835
2595,200171.55203405715
2596,317815.6066359586
2597,196613.0129225704
2598,274385.18549245596
2599,303408.9960455494
2600,152776.1031860894
2601,150364.6744002884
2602,80493.93406584891
2603,92795.67697007328
2604,86246.99557255486
2605,76975.93942563074
2606,151176.84351568323
2607,204658.71709421652
2608,199808.35911593365
2609,167334.0102920453
2610,112283.3119774163
2611,123132.20311104978
2612,155646.1019708498
2613,130019.5958630585
2614,126952.38082427048
2615,152951.47549299733
2616,142922.36375713476
2617,181959.92390752555
2618,198304.4637922112
2619,196403.35041802304
2620,181486.95113874564
2621,176104.95930361527
2622,182681.9385147746
2623,246854.97082523184
2624,322977.6623184646
2625,292012.9417925048
2626,174931.29068076634
2627,161724.88277625194
2628,500022.81909510924
2629,520977.33203481894
2630,360165.96128220716
2631,482338.8419170182
2632,448601.2650058294
2633,302718.51658175525
2634,429416.77042851003
2635,157688.36995486508
2636,178391.1140087278
2637,178387.30264229543
2638,252951.73128308431
2639,183981.64647440845
2640,156290.81569233414
2641,104209.6780496682
2642,193415.85516885528
2643,98120.87529963935
2644,125188.32508514074
2645,105571.67248123745
2646,93878.62548366589
2647,101845.31630255273
2648,143865.79538712435
2649,149223.66188563415
2650,137513.36516629142
2651,142335.40111423907
2652,406923.2945695885
2653,245594.91523259168
2654,251187.67137944337
2655,415605.70263300324
2656,307916.06787355355
2657,335803.825237265
2658,289717.07361016085
2659,296258.49056710466
2660,354874.0927005848
2661,330733.18406616425
2662,358070.31329093315
2663,277610.14100435755
2664,264356.1202587503
2665,322928.96966327436
2666,278241.2433094879
2667,163236.78523329843
2668,173580.47612269968
2669,179049.90273625666
2670,267951.26707492536
2671,179002.46052312572
2672,191502.25615728064
2673,211024.6557115779
2674,203461.01582873534
2675,168206.61366164312
2676,186131.3548996358
2677,195968.60246802995
2678,245315.23454752832
2679,271347.05183063704
2680,283076.8952916217
2681,403746.15726782416
2682,314989.08698989573
2683,540746.9884180175
2684,316910.71053802187
2685,326444.98820672114
2686,257180.30690354132
2687,339990.61427607783
2688,203058.22646844387
2689,198883.60430290492
2690,486628.7393278446
2691,195266.44885844772
2692,133637.74401451068
2693,190742.13636748702
2694,132766.63143832405
2695,191811.72348788992
2696,183555.83577165648
2697,192740.20727294357
2698,191158.27571511082
2699,175371.17996080715
2700,159281.83952459393
2701,149376.01058311766
2702,110487.32579062266
2703,113559.35285296099
2704,141272.4043145184
2705,121522.37366307776
2706,115850.48199821642
2707,124427.43860281707
2708,136732.22448175895
2709,108761.3834482432
2710,128822.13306926502
2711,284751.5804155672
2712,391807.6376483415
2713,168518.7333588698
2714,148710.40875467833
2715,173033.8440156756
2716,141156.64400857227
2717,183562.48399658335
2718,225290.5735849535
2719,162305.53407941858
2720,167822.72166790967
2721,137733.1615708371
2722,157234.39774685865
2723,138143.32691872763
2724,130889.65566830797
2725,133691.03291268623
2726,150231.7368454279
2727,183410.25374672574
2728,175158.84026559023
2729,151611.9576427334
2730,146633.5601089794
2731,131674.24339397775
2732,129382.44431188318
2733,159342.0185923539
2734,150963.39032837813
2735,137752.54525702208
2736,143274.34391612024
2737,127756.5815629703
2738,131876.81483258854
2739,160674.07259848993
2740,137544.75042836007
2741,150435.15857076022
2742,151560.4038758137
2743,151150.98405911075
2744,156413.81173410363
2745,139271.62477920429
2746,137707.73264834995
2747,141264.2243945102
2748,125709.13066432052
2749,129979.84724482297
2750,135271.00221789378
2751,136877.64736622112
2752,192631.06846212933
2753,151593.32589735923
2754,222243.97740982345
2755,131305.0815328777
2756,92732.38299607365
2757,67662.49102888926
2758,76998.64804106246
2759,162143.40505501913
2760,125519.05603800848
2761,148571.95431802748
2762,142206.969262754
2763,180536.29836300563
2764,141566.21892525896
2765,272858.44415951095
2766,129713.02258627242
2767,88822.9755448251
2768,129322.50735938948
2769,132926.37236273917
2770,133859.1984580717
2771,112863.17452560639
2772,115388.90482635563
2773,168697.79639564123
2774,139161.34096135455
2775,114663.79116661663
2776,134778.12350006832
2777,141170.42722940064
2778,97782.1751741372
2779,126423.50460689556
2780,97453.43439375969
2781,99926.29101725819
2782,94017.97268873517
2783,102951.98738951937
2784,121855.46864650634
2785,138083.17142977985
2786,62480.38468341026
2787,124175.3771246254
2788,73702.89794945609
2789,165534.71364179917
2790,96261.46856048566
2791,115750.46630420798
2792,54442.98469828316
2793,169842.33945275238
2794,97878.39953196014
2795,124519.21598774778
2796,101176.13566222382
2797,192728.1584725901
2798,112826.80844975404
2799,119197.58588132565
2800,64419.28642540359
2801,110945.49963950858
2802,136602.47528418305
2803,166832.9485346198
2804,127787.73207479852
2805,101192.28851610361
2806,78935.95533988388
2807,157075.82963388384
2808,152857.28636304266
2809,135989.11735776014
2810,133694.67730016104
2811,162736.8022509281
2812,154242.91452770625
2813,160067.10131568817
2814,149906.08392428263
2815,101611.48951698859
2816,239950.70698899997
2817,162532.74979961762
2818,133448.4378890919
2819,159237.4964185736
2820,139792.66494305228
2821,111137.08065669579
2822,196060.2325029503
2823,328879.8532866294
2824,187738.00391886258
2825,153565.91451379354
2826,134404.71284666195
2827,133673.29507629608
2828,214797.75863474671
2829,210323.64779902756
2830,225806.2053325225
2831,175337.63452241343
2832,254155.74352275435
2833,298766.23175594665
2834,209057.0000425668
2835,215748.4434703129
2836,194419.2928281307
2837,154484.9215574435
2838,150325.12993976852
2839,175744.38355227205
2840,199988.11974956404
2841,205176.59957875463
2842,232534.14829529947
2843,149328.46600662963
2844,162128.8435441737
2845,121238.59040013605
2846,211312.87821333995
2847,204523.34358187875
2848,207094.45711809053
2849,199869.8163308148
2850,278266.8002365541
2851,218624.39564010932
2852,227824.64937431557
2853,236805.50142358965
2854,140907.07770419226
2855,199521.97283563166
2856,201103.63264648482
2857,186435.75295331207
2858,194710.3015861853
2859,123707.36177039285
2860,129852.56264696701
2861,121925.78764059578
2862,198335.78671408593
2863,126096.02901057368
2864,250771.49431467569
2865,138970.6516360069
2866,133097.02651547675
2867,98299.6532964329
2868,100085.6889317777
2869,113089.88286488703
2870,124161.06207618682
2871,83616.77835001006
2872,49265.76577126469
2873,97131.7695883915
2874,139769.36506994767
2875,118345.91540283992
2876,161888.91485586396
2877,143806.27808130783
2878,166125.2423327881
2879,142312.99982768792
2880,100330.14253804757
2881,144735.01765820186
2882,178050.0669498587
2883,201052.41844799218
2884,198983.04651475733
2885,194607.41579760256
2886,234537.933565206
2887,95062.84102848149
2888,135779.4537261203
2889,56100.23537118645
2890,82357.22110698107
2891,134622.05509766817
2892,43677.13288533417
2893,72118.49864107021
2894,48319.980326874305
2895,340056.9116668665
2896,285206.1148838577
2897,198237.01682989468
2898,143459.07495335222
2899,209326.3662788198
2900,166914.39108770268
2901,204024.43211015663
2902,189406.52584405168
2903,348314.0259090764
2904,349854.3578725272
2905,88214.24056119495
2906,201711.52620392578
2907,110084.17577035475
2908,132198.71028353987
2909,144450.54817728075
2910,79473.11554604307
2911,78244.73685108447
2912,144477.8114629126
2913,79095.31105006277
2914,75305.99299236652
2915,80358.74616298742
2916,79381.16640082776
2917,163638.33573616698
2918,117862.27482379325
2919,216370.90581548604
