Id,SalePrice
1461,127474.92440076974
1462,156393.45466061987
1463,188995.63496885687
1464,191982.75456313507
1465,189336.0234986444
1466,172161.85631049497
1467,173929.33361788356
1468,165608.6926372798
1469,176437.57220358297
1470,126965.40956463871
1471,198843.83857024292
1472,93858.3860530722
1473,96529.76671769416
1474,147982.27525912365
1475,114641.72642237869
1476,380585.9523491715
1477,250790.39877733434
1478,282880.6602729439
1479,278082.2891338051
1480,533795.3509062894
1481,317798.67778990476
1482,203983.95977103448
1483,173841.8915856695
1484,170307.33859598154
1485,182837.15162760174
1486,194600.89666386356
1487,338738.6730632228
1488,229237.3071946103
1489,206153.6650178615
1490,231950.4479139606
1491,191249.3373074588
1492,97141.13515306168
1493,178577.83094949875
1494,290863.73170032323
1495,280370.3975428619
1496,242433.94636653125
1497,184719.0517990865
1498,167931.45933231604
1499,160386.99699704684
1500,155866.4640501769
1501,177317.06749432557
1502,146823.10023389652
1503,292856.9193304074
1504,239093.17455347753
1505,225598.02507549495
1506,183672.45958783454
1507,255432.24557908444
1508,198145.62139602454
1509,160604.71198787505
1510,145391.54874766595
1511,150590.38063909963
1512,172223.08548531233
1513,144887.56896749028
1514,160183.32671196669
1515,192474.1856497841
1516,147738.47902602132
1517,157187.35564408434
1518,132311.37979262054
1519,230157.16491213496
1520,134070.43326673104
1521,135680.46082818953
1522,169506.7097049501
1523,114769.3931672377
1524,121383.70464281333
1525,124373.84797034506
1526,117058.94959274872
1527,108240.51379244291
1528,130981.32135783145
1529,151142.7289783079
1530,171084.91179957445
1531,104162.87246880401
1532,94813.11509212427
1533,147159.7543954623
1534,121183.53756856229
1535,150220.40270388103
1536,109096.76340261634
1537,67949.68362666812
1538,148924.9189393469
1539,189692.2153687303
1540,94693.56858185126
1541,141074.13259978435
1542,136690.75013887312
1543,199478.46994961918
1544,79378.59507192865
1545,106718.44076916821
1546,132055.76915167272
1547,134710.53649026965
1548,136540.80243066192
1549,115133.62575474824
1550,140420.36856127897
1551,107763.89004355129
1552,144862.99411750323
1553,148323.23750043524
1554,114373.08044853555
1555,167517.81056773377
1556,86438.39323661785
1557,108246.63290736586
1558,95065.88261596486
1559,66980.59407026469
1560,130600.38408064673
1561,139430.29277313632
1562,130086.13708999782
1563,122275.1492686014
1564,163409.32412651897
1565,151174.25387021006
1566,235396.27334924994
1567,76397.22890794979
1568,227472.01724393296
1569,138047.5521558713
1570,135433.75121770747
1571,117494.82742782641
1572,146015.81345858198
1573,245708.18204845235
1574,116456.38940077698
1575,218452.00474963262
1576,243254.42178584664
1577,198307.1202159468
1578,144379.69926249358
1579,142464.38317418838
1580,193405.67211499374
1581,151713.73590491762
1582,124867.75924272547
1583,324760.98508187226
1584,230547.93334890893
1585,140788.03177461372
1586,73681.15531993916
1587,96531.61923544978
1588,150603.19546942442
1589,102577.45759089515
1590,132600.46961921456
1591,95208.52640560179
1592,121148.08387053854
1593,122423.9286173179
1594,130015.22986745974
1595,110989.36333580241
1596,237634.27762096387
1597,184363.02457360722
1598,203297.44285934238
1599,164965.8557603913
1600,167163.54743140214
1601,64458.355704786
1602,117814.93407027038
1603,73738.09437549117
1604,261814.96004951757
1605,239984.5475714362
1606,165406.6772219767
1607,171697.9440174724
1608,216366.92824127508
1609,190161.99479304405
1610,152994.94541095052
1611,137811.4286356102
1612,171281.218124065
1613,168283.82546126557
1614,122635.17007107002
1615,87912.70465802323
1616,72370.3555293994
1617,89309.01728978858
1618,126985.29621322744
1619,143401.59527718837
1620,164441.34421288563
1621,137447.76105221186
1622,144558.04131751187
1623,266060.93061848136
1624,216604.85537742366
1625,119970.47562221257
1626,159112.86960417032
1627,191403.47868942248
1628,273708.194461368
1629,177887.75895582186
1630,366964.8556495608
1631,212179.86668502237
1632,232617.13200109702
1633,172404.31873630092
1634,190046.49500993872
1635,177563.81956764573
1636,154998.07363696367
1637,195470.5920000684
1638,183126.70756116934
1639,184130.1223247241
1640,260073.38211914655
1641,173865.822323926
1642,232406.00832018373
1643,221095.82273885666
1644,230273.9160461559
1645,200905.36771417892
1646,158148.50651232857
1647,155446.16404583197
1648,134293.31639951156
1649,138941.11328688558
1650,115751.26798487583
1651,122541.41427773047
1652,95083.0497875642
1653,94500.08075696364
1654,144562.87917856866
1655,143611.5669285886
1656,144995.6481291313
1657,147137.93328342296
1658,146016.58791152408
1659,121046.97044440679
1660,158437.01714211723
1661,471555.5428307032
1662,394432.57320893405
1663,395298.41786375525
1664,510374.22707805183
1665,308967.6434286583
1666,332303.8981109002
1667,370024.3140176367
1668,337836.81227310956
1669,291152.194895331
1670,353302.6219483173
1671,267558.57567863516
1672,478143.7838233107
1673,292144.22418961616
1674,241074.90392490223
1675,190452.4483857715
1676,192229.42641639485
1677,221173.9151542575
1678,488570.3904199143
1679,398755.3102110297
1680,347072.9497823728
1681,249624.38597139966
1682,304064.31129351875
1683,178219.07756550622
1684,171510.26409757158
1685,167578.0893534911
1686,169363.49442872347
1687,166686.83681811468
1688,192069.33960657025
1689,194603.16488138412
1690,193071.1132429803
1691,184834.9766307193
1692,260733.0725946425
1693,169845.9823125344
1694,182508.06427506753
1695,166149.25164501986
1696,273608.9333698683
1697,169133.56558906613
1698,362617.6276625268
1699,326075.2359895059
1700,249063.15836544015
1701,263665.38689786836
1702,253572.73500762432
1703,253031.65450013467
1704,280558.5056683714
1705,226412.7868539475
1706,441517.5937024926
1707,217903.51705340814
1708,210665.43074340496
1709,277319.14164138935
1710,222590.6855204791
1711,262340.1351525674
1712,269383.20600946026
1713,279145.679100916
1714,222969.1586115801
1715,206087.55365294166
1716,181259.78298968423
1717,167546.49819624456
1718,135345.04171200393
1719,195073.32285737948
1720,239463.19160985335
1721,161476.7837802429
1722,126177.83956117144
1723,154325.1898941415
1724,215341.36933004585
1725,238552.57735605788
1726,185274.46048311994
1727,161843.05644875037
1728,175306.77347414318
1729,169899.36057805212
1730,155537.78752414492
1731,119997.68878592225
1732,130915.1092584501
1733,121210.25798298501
1734,123193.12952728207
1735,131545.95067521362
1736,116586.53461306597
1737,308854.73928456055
1738,227456.54817242862
1739,270347.0598981966
1740,241346.99376773334
1741,198262.00091588718
1742,173886.79758222974
1743,174594.28711453034
1744,304982.346314388
1745,215460.45882148587
1746,179344.0664988135
1747,217556.0602161137
1748,223557.34740869544
1749,152605.77428986446
1750,126594.95065694315
1751,234868.67130741238
1752,120629.12091609593
1753,148897.78178731378
1754,188303.35450378823
1755,167864.0653073006
1756,127267.88901133112
1757,123852.64372420276
1758,146084.59024402287
1759,159460.3119320103
1760,164197.0369340831
1761,139680.38243328437
1762,183469.0865779468
1763,165370.6828925434
1764,114614.7733957329
1765,161789.10719741404
1766,179682.65223697352
1767,216911.3686586279
1768,148880.0522851455
1769,172354.5381356915
1770,148368.69358505635
1771,126022.36161055346
1772,134969.3348437169
1773,133085.0382347777
1774,137650.26907211015
1775,135526.15404964297
1776,124643.7885823094
1777,115216.88762792794
1778,140091.52408056107
1779,120974.79756317615
1780,171846.96043232235
1781,129969.77865619128
1782,88137.39730685586
1783,146172.05048631394
1784,107733.11060394108
1785,122831.62281680017
1786,139232.31451739278
1787,163211.85739093227
1788,55638.70702174222
1789,100649.68873679818
1790,80154.05886715793
1791,180823.27433249442
1792,155154.2323562476
1793,127267.61209994114
1794,147383.93281733786
1795,130349.39840006336
1796,119078.35025969116
1797,115483.56489723091
1798,125736.83035172272
1799,109355.13399037345
1800,134258.2519416102
1801,133281.90707103978
1802,123900.37981878956
1803,149921.21039144823
1804,144230.5025873495
1805,136533.13349210593
1806,116074.61850591225
1807,123603.64957983552
1808,120624.21785714074
1809,119437.48822151523
1810,145498.33261485747
1811,98133.37679670446
1812,95382.7235382495
1813,124052.68098948925
1814,98668.13096932518
1815,52130.458870447874
1816,98735.24650920405
1817,114775.4061856076
1818,148664.10375559452
1819,123939.3544496422
1820,48193.143426158014
1821,107819.17991077926
1822,145390.95414070413
1823,41377.16343758849
1824,131774.85312100512
1825,136261.69197701453
1826,101324.96664976684
1827,104748.78554700129
1828,134177.80209934543
1829,113116.21765383468
1830,139500.75616315225
1831,145073.9693449961
1832,82555.98837317666
1833,138215.40718901833
1834,119968.61708354832
1835,120671.72067832321
1836,124902.86974924424
1837,90693.69145538696
1838,126990.10585863727
1839,89369.56061285568
1840,159938.88811472332
1841,144620.7593555215
1842,82968.49411253814
1843,133393.67168733355
1844,133066.60828870017
1845,140855.61350170075
1846,152910.87611604354
1847,166153.87651380006
1848,55601.26069879876
1849,105878.42901101711
1850,115887.55094553198
1851,150245.01668622607
1852,125348.78705859868
1853,138348.22973703046
1854,170464.25061827578
1855,147959.88445353042
1856,218018.74942236894
1857,148087.1583544623
1858,139207.21597625627
1859,116934.50776935152
1860,153113.39529325563
1861,115806.10232046735
1862,311032.2881861769
1863,298360.2936770894
1864,298751.89076114295
1865,321560.0142906642
1866,335482.4118424202
1867,235790.90441406204
1868,306918.8511240934
1869,201447.14587972075
1870,228980.79966986482
1871,245105.03609628574
1872,172436.18560712854
1873,237338.14738225407
1874,144274.31265385792
1875,200178.388405191
1876,194638.7337965421
1877,209191.13451599507
1878,206571.47167255
1879,130291.11232408714
1880,134941.8616861653
1881,237883.52104144072
1882,248117.7246829005
1883,189135.50893015548
1884,205447.97994419222
1885,237515.23803367777
1886,290392.86664518726
1887,204235.10513143823
1888,276302.5497820367
1889,163490.46147875016
1890,122630.01312655251
1891,129073.68101467752
1892,103781.2659606862
1893,131083.1968738549
1894,126701.93478490839
1895,134588.9631284424
1896,125068.11828599522
1897,119370.25341230139
1898,112392.8219032254
1899,158682.46294179145
1900,144842.92659784178
1901,172934.2218842649
1902,140615.1196732493
1903,209334.58314832434
1904,146694.47910095367
1905,190541.10000224307
1906,167606.39266175678
1907,198694.59065086552
1908,110942.46568661404
1909,134823.63608176057
1910,118732.88837121599
1911,213570.59914182464
1912,312142.6171295175
1913,145027.22887097558
1914,52705.396795309265
1915,309678.2124414253
1916,67814.13189865602
1917,247435.8805887937
1918,139460.4985251099
1919,168719.43488579616
1920,150069.04208988528
1921,434529.07766825834
1922,321500.794530393
1923,212335.01219666025
1924,234173.9777831469
1925,195002.21322389814
1926,407773.3113876304
1927,133037.06302358973
1928,156377.876081798
1929,122784.19167360941
1930,127884.0030034303
1931,146563.01575327542
1932,139870.78629207515
1933,192251.6770547274
1934,182118.84560545027
1935,173710.45245512662
1936,185375.43312299188
1937,178870.856594334
1938,175200.74121835778
1939,229933.7557568192
1940,186050.17531337304
1941,173147.38180132085
1942,182926.2412961038
1943,200553.09941990033
1944,361930.9857835772
1945,397412.71126712766
1946,143631.6888993797
1947,297615.1471029064
1948,173769.53463604744
1949,250026.53490898607
1950,183867.86729453114
1951,251179.79121564009
1952,204966.60663554206
1953,166870.18983511292
1954,181410.59910242172
1955,136117.1585875015
1956,292444.3588445909
1957,153668.53658911266
1958,315951.75772006833
1959,140761.82614370313
1960,115410.51227862033
1961,121139.40021793298
1962,94714.48916627112
1963,101054.20364084622
1964,110427.50745986677
1965,145260.7259292352
1966,140617.56944593636
1967,284698.9798629739
1968,451178.3633980933
1969,397578.1927339891
1970,454368.64336939884
1971,452839.14636510244
1972,386558.57278508914
1973,257551.04851220472
1974,317709.9735437987
1975,538324.7303908347
1976,269291.71161943965
1977,360228.5723816668
1978,358034.43635246495
1979,342344.4818341391
1980,198934.6743236715
1981,345631.6778758022
1982,216497.1043390082
1983,203540.3623141565
1984,165053.01400646655
1985,217273.61576083917
1986,212076.15450197246
1987,173624.4361288374
1988,177525.27763293014
1989,191456.29698065604
1990,218161.59677915
1991,235579.4256609677
1992,213612.8240605461
1993,169261.9485511784
1994,227237.22732069652
1995,187431.41104372952
1996,249926.9868276444
1997,309832.3868010235
1998,342248.51058016025
1999,261455.36156462712
2000,327448.3872906158
2001,277091.71969317965
2002,240101.2283008815
2003,255664.93128249774
2004,279488.3723832925
2005,210851.9365124976
2006,224742.476312001
2007,249650.17014307022
2008,224818.0584875995
2009,195209.0122424463
2010,190451.44166400732
2011,137453.94314361073
2012,177371.04300133992
2013,181051.08679882914
2014,184253.7723433549
2015,199231.73535292907
2016,195546.73828942704
2017,196211.05014680253
2018,122977.94072754268
2019,134740.99545334963
2020,105763.51775067707
2021,109846.41190070941
2022,176324.74134414268
2023,142366.9097921682
2024,260217.7205314449
2025,343320.33605423826
2026,178090.80275607435
2027,158573.94138445178
2028,150847.2093381602
2029,169033.56040206284
2030,265679.21351059875
2031,224948.63104738796
2032,240051.92061333288
2033,256575.48162797219
2034,169463.2782970751
2035,213663.20583231468
2036,194336.20749475848
2037,202043.43205996725
2038,297260.6556563979
2039,217402.58789638648
2040,269605.9242921278
2041,281758.72011446266
2042,206912.4016117897
2043,172733.69939059202
2044,168355.6714948095
2045,208784.59586367494
2046,144352.89967422516
2047,148806.60035486025
2048,141600.75149443827
2049,140054.9860702918
2050,177263.77398134876
2051,103906.73192582584
2052,128517.83097059037
2053,145921.25745338455
2054,80682.64882803764
2055,162473.3771637177
2056,143310.2551285925
2057,115356.04340684405
2058,226067.6068465525
2059,133590.98652663536
2060,171478.00194971196
2061,171810.86088388518
2062,130906.73964988912
2063,112909.30925133219
2064,143832.4936654945
2065,121748.22360488778
2066,162941.42959761288
2067,111159.6966559093
2068,139966.80090530944
2069,83082.07644388167
2070,113540.69796545166
2071,95108.86536011953
2072,130587.72600799671
2073,138229.55008444568
2074,183732.4296077559
2075,139016.21865853883
2076,120936.5047711239
2077,156740.424448691
2078,131339.18147002294
2079,130496.73778331201
2080,117206.476252668
2081,125472.39036815231
2082,124693.8463847353
2083,142461.43997066384
2084,110370.51015638722
2085,122340.15511592325
2086,109689.17932156683
2087,120209.31504357656
2088,94603.90900512133
2089,75353.03465358229
2090,125703.50362820609
2091,118094.79965268518
2092,128988.22943668875
2093,109625.46421394164
2094,108196.21960889263
2095,147390.9043250067
2096,78777.0938009714
2097,91334.34783660862
2098,144020.24276574492
2099,55162.052918387155
2100,81139.23413608744
2101,120139.78051201119
2102,122767.7738724316
2103,104207.9303113441
2104,133392.24993913394
2105,122485.65178778362
2106,67500.57443527412
2107,211762.86984694755
2108,111682.41905089398
2109,110722.52837031543
2110,135428.07167934332
2111,136644.02397815132
2112,140658.37735214608
2113,123077.4132397268
2114,110417.42238775681
2115,160747.72202766407
2116,121505.2107504542
2117,150807.93658855604
2118,127452.19934486935
2119,110831.24588308118
2120,109830.65070311318
2121,85715.93682060305
2122,114944.99615929459
2123,85709.60417503808
2124,157817.45972047123
2125,127272.57820869982
2126,152169.67425892554
2127,148592.47326019988
2128,124350.0229919767
2129,94633.35112047839
2130,141151.13524214405
2131,139396.1943993367
2132,116180.22532760423
2133,124878.50303827033
2134,120691.31758286817
2135,96657.38945219418
2136,76971.79889717262
2137,116605.83953343282
2138,131966.81107081682
2139,152181.37042222518
2140,140670.8220423055
2141,143544.19575093113
2142,129283.89379238637
2143,146167.03384128277
2144,116117.4734886665
2145,138404.8136437264
2146,160167.403113642
2147,146398.38465921412
2148,133802.84458823793
2149,149109.23833474508
2150,220313.63871327793
2151,108027.57706174979
2152,177866.51202675272
2153,161874.99123394443
2154,109907.79213515771
2155,139781.3337523968
2156,267932.8366988616
2157,230632.7727348602
2158,236303.37552431825
2159,205620.98983449128
2160,174324.9287168142
2161,238979.05714343616
2162,394466.92829013534
2163,368825.84446214506
2164,244177.41077788747
2165,203384.3368478528
2166,150131.87735839645
2167,213548.22420675846
2168,197739.69812593376
2169,196847.48598475853
2170,219135.24931666037
2171,154713.20560881274
2172,130366.40581088667
2173,161419.8861337474
2174,229771.21708190913
2175,292847.8814681708
2176,321436.86741144746
2177,241802.86476533947
2178,209622.29790333688
2179,141120.02927084622
2180,219193.32577803766
2181,192330.32632508536
2182,221773.59429853258
2183,191520.24247480836
2184,123490.66414264923
2185,118351.35861419722
2186,144988.13290511267
2187,150436.57729416114
2188,155810.9651160717
2189,277451.30401856615
2190,82633.16201898323
2191,82018.65757648184
2192,91377.74387955305
2193,103370.2455950884
2194,101284.23602984964
2195,111192.41077633708
2196,101916.52423679699
2197,120192.03724835142
2198,157592.68911550188
2199,182173.79065248772
2200,148792.00995810615
2201,139162.3654531674
2202,208960.41082485492
2203,141707.69149907777
2204,183259.6651204204
2205,117373.84878281769
2206,141286.16443682852
2207,225867.64028498388
2208,248918.72843392854
2209,236636.47812430016
2210,120450.3632285974
2211,114363.23443962823
2212,118597.59224152131
2213,108638.84318518423
2214,140435.9342456585
2215,101458.77207964603
2216,146266.79659924482
2217,71796.04712112896
2218,63675.612802176496
2219,57537.94599976938
2220,59332.74366086026
2221,312969.7160701228
2222,275983.55805265193
2223,296747.88338143995
2224,211665.4585126967
2225,119930.37708890144
2226,192068.5684131489
2227,203580.7129496007
2228,259114.17353824375
2229,250566.9206074085
2230,153574.12553497014
2231,214419.9942576095
2232,180980.36872633564
2233,182042.77776591497
2234,237130.32443729887
2235,222081.1954780164
2236,263498.7732082258
2237,351451.2577533818
2238,201916.2346799438
2239,113312.75550142437
2240,158015.69193617854
2241,164375.1892318257
2242,124963.98510526735
2243,126816.41010423166
2244,101011.54921539902
2245,98339.57003563966
2246,138633.09753564547
2247,105559.56246874694
2248,126198.82335239627
2249,124259.38103948881
2250,134743.420328164
2251,106031.41089010586
2252,172118.9238120848
2253,153982.1448566791
2254,177004.93707665388
2255,189139.45444252505
2256,181334.6484148613
2257,208511.93328201506
2258,160917.31455857452
2259,178379.6527776224
2260,156723.71869049146
2261,184282.1348150022
2262,200015.30252529378
2263,375865.8986372857
2264,501514.1645982722
2265,171134.04665704357
2266,284582.4329566631
2267,380191.055546865
2268,427607.7564470618
2269,149100.02007298233
2270,196566.39977933012
2271,213416.93735070602
2272,198583.19759583054
2273,165915.82517255313
2274,179998.560182676
2275,165808.52773570383
2276,191747.23987746087
2277,183903.55209382635
2278,145406.3912288694
2279,124791.42291496544
2280,117194.57674613845
2281,173865.13402667284
2282,190239.01837515194
2283,102108.45173962048
2284,110296.02875381471
2285,139999.14290500374
2286,122423.14459280991
2287,349456.0923081347
2288,274254.5493636301
2289,385232.70856329374
2290,468341.97871127026
2291,325916.90532517596
2292,455602.46704415453
2293,488146.1061415129
2294,414882.68360464275
2295,492409.44345837785
2296,290489.42690764286
2297,317032.7693363476
2298,325164.27941127925
2299,391124.51436547295
2300,339957.1985483064
2301,294976.9599462365
2302,245346.66569140885
2303,228594.66901089574
2304,236956.3894954531
2305,187173.20060258987
2306,185367.22635583978
2307,192828.02215981542
2308,220060.80220731327
2309,271569.10117212206
2310,208773.85081203614
2311,195450.8472235796
2312,174259.822832094
2313,173241.45087972406
2314,169120.4227872586
2315,175099.05786789532
2316,187819.93607362645
2317,181123.24081927107
2318,176693.080185163
2319,176470.2351460849
2320,185440.29952230369
2321,232501.87161589848
2322,171888.41053533193
2323,186566.17750452255
2324,174023.78481240576
2325,209555.18731338964
2326,172414.6551175483
2327,209992.82929908406
2328,227065.21236620596
2329,187482.53953326546
2330,178542.5446531208
2331,362113.3950393698
2332,381310.41643639875
2333,313459.3351172536
2334,252415.1721068708
2335,268232.97317200835
2336,332345.53510957625
2337,202520.13529066322
2338,267112.1188784259
2339,215277.54986537428
2340,411755.110332334
2341,214454.78457706165
2342,224218.42471444275
2343,224826.47518855875
2344,209790.9330759279
2345,231133.71405647532
2346,208824.32648320112
2347,197551.98169561522
2348,231616.96332337143
2349,180809.3912888622
2350,302616.1698177849
2351,261250.90778246583
2352,256920.0619364678
2353,253658.65048186673
2354,135849.40602699813
2355,144450.03450079862
2356,152303.5766000988
2357,192900.7267550144
2358,191681.66399327316
2359,129379.45469734383
2360,116050.25232222484
2361,143808.67687447713
2362,273939.10409197916
2363,138753.93981560017
2364,155414.97313258232
2365,213521.44228286215
2366,192768.20573590428
2367,222125.2838532109
2368,217880.23977282486
2369,215090.23530316056
2370,168449.10131473708
2371,168436.19811025634
2372,194813.70250897825
2373,277856.73168964125
2374,313856.103734087
2375,246962.28376211674
2376,280086.87229240127
2377,352204.6362215475
2378,141733.4480942802
2379,194968.82290495303
2380,146209.07399497088
2381,163420.05246448555
2382,200765.5044423978
2383,204887.2135890782
2384,244628.2884979873
2385,158042.6599158882
2386,135219.84338766558
2387,135935.03354215797
2388,99422.12162292673
2389,122058.89208689683
2390,146730.338998136
2391,146895.43490743294
2392,116311.73213543615
2393,163950.38919481167
2394,143454.32546310071
2395,207040.39065002045
2396,143834.11618542898
2397,210393.25985570694
2398,136482.95694504946
2399,56918.80085249923
2400,57127.85265867827
2401,113080.02752336253
2402,137450.847485466
2403,138629.86514764762
2404,150655.5527748473
2405,158514.82831938379
2406,140852.66666829976
2407,123351.59764270675
2408,141849.89503295225
2409,123155.43926117852
2410,167557.18567066552
2411,119883.01291797592
2412,157815.59574044181
2413,130344.01494084386
2414,144135.74645470513
2415,132075.7980874125
2416,124794.24281992952
2417,132283.96044356422
2418,131189.7933410844
2419,123294.37190471878
2420,128555.60996566016
2421,152988.7457661372
2422,108157.79412252491
2423,116788.89586715848
2424,149826.5972850052
2425,203607.6701886222
2426,133493.7354435827
2427,132119.2005012806
2428,174525.14982209
2429,117673.42613048814
2430,130543.90534249308
2431,110423.20585718419
2432,146527.07740502298
2433,146660.0206417168
2434,138132.13918200525
2435,154903.37194703828
2436,107186.10818088721
2437,108278.5310444359
2438,127553.97153904423
2439,109820.86975996918
2440,118403.08300920126
2441,91542.6998063311
2442,99708.16692323971
2443,123159.74212494107
2444,125915.88280865237
2445,84952.42746101719
2446,135804.652549215
2447,184818.19203018025
2448,135454.07202979
2449,110033.26775222656
2450,146818.16720638686
2451,128689.13590496738
2452,196292.35433941125
2453,88797.76878679912
2454,123626.73538561643
2455,119983.70794928934
2456,132345.6592724678
2457,132095.7604513882
2458,127902.79566333027
2459,114215.61648837969
2460,133895.96445849186
2461,120673.9083596284
2462,136684.19261393422
2463,122410.87074963379
2464,176661.85520775462
2465,143906.44628270768
2466,120219.04106409207
2467,133441.09981492412
2468,81619.11958060165
2469,78373.13819526052
2470,188002.17260049254
2471,207375.08371333685
2472,162355.1017297113
2473,117526.86196937755
2474,82959.99118613167
2475,214712.99449935055
2476,117542.38169879926
2477,130626.293480445
2478,151796.66224412632
2479,104218.28839381866
2480,155224.2127173482
2481,121397.41221326828
2482,128771.13949291772
2483,113143.4021827376
2484,123024.56081072114
2485,127224.15827833382
2486,157178.6845254263
2487,186688.33793102897
2488,157668.8040475534
2489,148896.04973178974
2490,151456.66421641572
2491,91178.54119208857
2492,193958.3189868561
2493,151389.9028589402
2494,148204.7834247976
2495,90864.7176940836
2496,239900.41312795252
2497,147013.46794104466
2498,112367.04364439336
2499,91081.21627362029
2500,131960.38663666893
2501,137452.25406584877
2502,149313.39800735257
2503,100240.76214810621
2504,182851.71576936892
2505,222365.6818675868
2506,257106.9076138128
2507,280754.8163481012
2508,257023.31327261913
2509,219841.56711542397
2510,216658.6327626059
2511,176002.4990449966
2512,202585.867792963
2513,221845.3278962685
2514,263729.03798396303
2515,152261.97278927648
2516,171523.8968857773
2517,140594.11837662847
2518,151411.15746279983
2519,224179.60842334243
2520,216987.7310613333
2521,188927.94988132006
2522,220787.29450840742
2523,126285.49615508191
2524,138905.87225353054
2525,149648.8719636338
2526,136418.59394260467
2527,111527.92766470708
2528,133288.0556560952
2529,128262.2058671215
2530,121028.579157188
2531,252225.66760158993
2532,226494.09987540246
2533,197951.0494256438
2534,225285.68255783667
2535,304908.73535243724
2536,234473.7504062379
2537,222408.4750733152
2538,181237.6455392252
2539,186556.87946757508
2540,177159.779994088
2541,180498.323424952
2542,170729.77489109407
2543,126874.93964745567
2544,122614.06161881668
2545,135930.931376672
2546,128551.02868409606
2547,138986.2587147258
2548,151160.51549700473
2549,161110.15315881453
2550,689762.9115612665
2551,139057.95768181817
2552,127822.43784044948
2553,77248.67205456804
2554,104177.42306515505
2555,116758.04714523812
2556,105480.9828195922
2557,109869.90915992427
2558,157499.34731118078
2559,140232.73587700725
2560,147548.3699588646
2561,139771.84787701303
2562,136352.97377573675
2563,150436.14870547084
2564,206677.7336920066
2565,134119.83513129782
2566,163509.71658730894
2567,137966.17634537193
2568,200863.67696517828
2569,209400.67687623342
2570,117147.67874102571
2571,189306.61537835363
2572,143181.21681075662
2573,217933.74518479774
2574,279270.9569647398
2575,130686.37515744251
2576,118417.5880153485
2577,148905.41050593217
2578,82704.28476162131
2579,63172.289571409616
2580,94662.81224718492
2581,98461.40736792341
2582,95031.14094087463
2583,275081.31469497026
2584,167089.04348065943
2585,188205.63001013317
2586,218741.96556018735
2587,192479.11139904137
2588,142739.37133697662
2589,151452.52446252812
2590,209854.1874078088
2591,214960.3652063255
2592,210626.34528000053
2593,243889.83197384427
2594,176236.6393363882
2595,198593.1517687129
2596,318272.81261205446
2597,190963.53218357742
2598,274600.6446667016
2599,307116.38158760435
2600,153220.69944219833
2601,152393.06762156726
2602,81689.86458180881
2603,93537.13529208062
2604,89075.09239543535
2605,76075.92750881883
2606,152763.05911725154
2607,199637.9302098882
2608,199242.22002752704
2609,168259.35585249987
2610,110008.22676890795
2611,122243.49725027975
2612,153366.21451168478
2613,132815.49099623936
2614,127666.01695357254
2615,153868.74491729704
2616,142602.61575784825
2617,184937.4694232781
2618,197921.09298393235
2619,192606.47530357534
2620,182026.35406512022
2621,177066.15757772682
2622,182011.11049125204
2623,245589.58900150502
2624,317907.4973003111
2625,290944.9828467553
2626,171288.08928009297
2627,163286.6093351271
2628,492224.3556921202
2629,520600.41367580084
2630,352545.5995979279
2631,471698.10735872004
2632,449943.02744391235
2633,299159.24480243085
2634,427234.0365338611
2635,158177.63898160157
2636,179243.4808783506
2637,179372.15868777497
2638,252669.87003639276
2639,181527.7298718493
2640,153064.8746053176
2641,104665.59272963504
2642,191610.7289669908
2643,98719.46986085328
2644,126393.42673427981
2645,104739.23113561119
2646,93930.31889140749
2647,102118.070589058
2648,142804.0639883368
2649,148456.06869919755
2650,135496.88058917056
2651,141421.28341316298
2652,404562.9412140474
2653,246826.15831835088
2654,249842.77836113775
2655,419745.4853963036
2656,312765.6434109089
2657,341367.7843234915
2658,292084.187221177
2659,290891.60524881515
2660,356389.98322064325
2661,340618.1462227807
2662,358735.6946200265
2663,276254.30979229335
2664,264693.88384712534
2665,321455.2478796018
2666,276491.2020154367
2667,165189.06453787826
2668,176334.40498496965
2669,176448.36957238236
2670,272649.6750324179
2671,181677.0979816883
2672,192534.14974175874
2673,207402.01581398572
2674,200493.7994428589
2675,168701.32971530745
2676,188977.2997645994
2677,196068.71271483292
2678,247321.19628353117
2679,270297.5070137007
2680,278190.54732078384
2681,411100.38393210666
2682,320254.03475138533
2683,551128.1528848193
2684,316653.867529324
2685,330839.3573398933
2686,261032.16962514547
2687,329088.17726618564
2688,202966.74052153825
2689,199243.5545769454
2690,472775.930448129
2691,191558.3687442925
2692,133799.15747846174
2693,191818.7101604857
2694,133360.25161340646
2695,192370.87005542894
2696,184531.90763007215
2697,189997.11081273796
2698,188563.31188037194
2699,175065.79483188785
2700,160828.06957080332
2701,149731.72257892945
2702,110990.22751030994
2703,116771.9135288821
2704,139800.12833972025
2705,121294.77665438554
2706,116114.70011991306
2707,123866.57191622378
2708,133864.44614868486
2709,108409.81007431752
2710,129056.29246994152
2711,281240.8431446239
2712,394382.7092256757
2713,173089.3676322568
2714,149043.94963014615
2715,172407.00810474317
2716,142198.4334094295
2717,186288.1480212417
2718,223732.20203719885
2719,157712.33592486044
2720,168183.93133470067
2721,136300.58554042084
2722,160437.0992402945
2723,140174.6299231004
2724,129742.17045388877
2725,134655.01979770488
2726,151640.1902174707
2727,182197.4275588983
2728,174738.20085464927
2729,151896.87606325676
2730,146567.09190112737
2731,131805.45992087555
2732,131500.1617899465
2733,157916.64232658932
2734,150883.48170496593
2735,138765.02556397428
2736,148082.9939327323
2737,127325.39167239235
2738,133450.2685814724
2739,162105.64938958894
2740,136021.65828369607
2741,148956.29552158626
2742,151871.50051339506
2743,150497.6879337718
2744,157393.148376264
2745,137813.95913212473
2746,136746.06528818497
2747,143018.21089646127
2748,125572.10505887757
2749,130106.22806305527
2750,132950.2875959332
2751,135912.79647784325
2752,196261.5870270923
2753,147276.68192459515
2754,228117.1173383058
2755,132024.83890491544
2756,91717.90098318103
2757,68822.83856927819
2758,80457.4093295437
2759,156832.68384177104
2760,127648.74445430934
2761,147340.43178108023
2762,142550.95993902942
2763,179782.9985118062
2764,142079.80722403486
2765,276879.41670046205
2766,133194.03968864965
2767,88435.58559930761
2768,129421.61239220343
2769,134110.6103802631
2770,135582.2659601289
2771,112795.18768129202
2772,114976.55351211621
2773,165772.4979102054
2774,137312.13208874
2775,115881.7609082783
2776,135362.43350632518
2777,140734.0043273407
2778,97574.63526967591
2779,124916.66522383512
2780,96423.81728626066
2781,98470.42129085901
2782,92722.18714510869
2783,103068.80019097132
2784,121622.29676115699
2785,139254.52294775783
2786,64588.96182362629
2787,122671.36757146295
2788,71978.6127444017
2789,168098.9521934791
2790,95239.27830715924
2791,114314.34770025377
2792,52924.05777748648
2793,167966.08511677763
2794,97215.81956328114
2795,125412.38368027257
2796,100961.42071282121
2797,194725.1219760991
2798,109089.89945097946
2799,120099.81048508322
2800,64248.85022419395
2801,110248.16483783444
2802,137465.66109385138
2803,162498.19104433176
2804,127311.84278227837
2805,100647.59041458897
2806,81530.56454574727
2807,157481.8258785222
2808,151863.53062434695
2809,137543.56346853613
2810,131615.5583114272
2811,163267.4848197709
2812,156040.91769922688
2813,156781.10519725698
2814,151968.6196604609
2815,103281.56307806245
2816,242622.23940664998
2817,161470.9146233294
2818,133467.92152175112
2819,163197.77809168096
2820,141617.30331235752
2821,112844.72465986537
2822,199311.32372199532
2823,334434.9698652924
2824,188536.28477949885
2825,149268.85987142293
2826,131724.73022507815
2827,135678.26052142572
2828,218782.0173107214
2829,210457.24929768033
2830,224231.50477202475
2831,177333.9010996548
2832,255034.9561562798
2833,292784.1564940413
2834,208551.21489057346
2835,215800.1526610942
2836,195065.9978921938
2837,151930.5293381879
2838,150823.48355874539
2839,177577.27425124927
2840,198674.60828702047
2841,203395.59625538014
2842,229518.0303123294
2843,148623.38760729262
2844,157591.29586734108
2845,122720.63420577465
2846,211164.07150342397
2847,203024.67169006664
2848,208063.4551736496
2849,198762.7659326463
2850,277479.1818227095
2851,218095.95707912027
2852,228486.6088429971
2853,240233.4585971986
2854,140856.6628183615
2855,199690.63730669484
2856,199409.2552861333
2857,184746.05402989325
2858,196080.9465885538
2859,121927.58622868214
2860,128302.03297416373
2861,122474.48515465535
2862,197918.07085424452
2863,125228.51159913104
2864,251028.51405864325
2865,139092.7097683576
2866,133686.39322952443
2867,96289.18034482619
2868,99360.22813745547
2869,111555.46451075072
2870,123379.0007056805
2871,85004.80188813608
2872,49277.70660620366
2873,101627.64654723066
2874,137267.00470194244
2875,120291.14209937392
2876,162908.68134145037
2877,141246.4035456886
2878,166912.3814098169
2879,141349.9802792067
2880,103339.63452622732
2881,148964.87958027207
2882,181393.9978635946
2883,200665.3860740414
2884,196638.09882248304
2885,192281.01206486282
2886,233005.12145297663
2887,94998.19153757964
2888,135676.36862998232
2889,54557.254220805095
2890,80612.56274892918
2891,133524.161388685
2892,42599.185236367586
2893,72438.61256767722
2894,48323.66507831174
2895,332915.61377105315
2896,280445.2779347435
2897,196784.44663788416
2898,143884.25041743743
2899,206948.6732192018
2900,162180.33175897296
2901,204449.6456336723
2902,185971.18389720685
2903,350689.77224998403
2904,353788.95772227994
2905,87166.31149231446
2906,201615.50382431835
2907,108693.92381614022
2908,133131.72974939388
2909,145826.05065125885
2910,79430.68061627238
2911,79085.05194244292
2912,144052.75667170383
2913,79312.27340506905
2914,76886.87393222819
2915,81746.70124803616
2916,78582.10960341054
2917,167979.1333722837
2918,118467.27613429759
2919,217432.67999078467
