Id,SalePrice
1461,127419.6760508397
1462,156348.31879169896
1463,189081.61101716204
1464,192042.96023364732
1465,189478.9112882939
1466,172325.78927053994
1467,174002.29931610022
1468,165592.47577475978
1469,176103.4828868632
1470,126920.69324665131
1471,198670.72233231046
1472,93701.18286755605
1473,96526.27747043908
1474,147871.78323722578
1475,114527.3780431631
1476,380228.55881273246
1477,250663.30434800108
1478,283231.6542466206
1479,279671.04482210556
1480,534732.1867841339
1481,316983.78486171435
1482,203801.10739226488
1483,174196.6054514122
1484,170399.35517288896
1485,182965.34012783825
1486,194342.93414466933
1487,338558.2243076066
1488,229101.40188275665
1489,206415.91510471253
1490,232336.55397432065
1491,191128.6073183641
1492,97192.65205618092
1493,178273.4420017259
1494,291069.2698094435
1495,280230.07146721287
1496,242364.89674644318
1497,184883.83633763978
1498,167834.34341934475
1499,160485.78578655107
1500,156047.34039848842
1501,177544.2128347188
1502,147136.12816709167
1503,292398.4517695353
1504,238597.49297879366
1505,225790.5252244036
1506,183370.22082877404
1507,255982.00654081936
1508,197855.45132407223
1509,160294.6808333637
1510,145390.83371904466
1511,150481.72135060866
1512,172069.60177943163
1513,144894.15016623936
1514,159920.0609585091
1515,192166.36800999177
1516,147553.77754543233
1517,156965.69479354657
1518,132130.5226288815
1519,230225.72819960176
1520,134238.75283927476
1521,135705.39441200224
1522,169550.93757585465
1523,114609.25881028202
1524,121240.34469556907
1525,124422.72370912643
1526,117175.33599038495
1527,108279.24480482409
1528,130734.59240456612
1529,151090.08999338135
1530,171229.47835521755
1531,104504.67301994529
1532,94759.71681924921
1533,147468.6443547089
1534,121185.33643843158
1535,150369.29478207475
1536,109297.14849887691
1537,67904.27009983113
1538,148698.48578894662
1539,189234.1561124785
1540,94914.58760065591
1541,140831.05552078743
1542,136772.0239441116
1543,199428.8805700391
1544,79313.5534662517
1545,106868.22054079713
1546,132044.4363756884
1547,134886.82638427144
1548,136613.25925674482
1549,115129.77674665717
1550,140312.04162650887
1551,107556.02244807867
1552,145348.45807136717
1553,148131.6763499066
1554,114496.05757737967
1555,167471.78482389136
1556,86454.5472382422
1557,108013.66807224002
1558,95227.75901855258
1559,67162.74981670921
1560,130393.81139763734
1561,139724.52748546688
1562,129952.64493624761
1563,122320.36063676969
1564,163438.83903290704
1565,151424.47013113822
1566,234539.173909409
1567,76391.30671350204
1568,227672.1388399723
1569,138039.05902799597
1570,135497.13804715814
1571,117478.32523376516
1572,145802.0546678849
1573,246119.87757558437
1574,117069.16805368851
1575,218680.10958482648
1576,243252.15260160543
1577,198395.4869685329
1578,144444.85409601568
1579,142820.25749684183
1580,193156.1586424932
1581,151347.15720877374
1582,124717.22492672323
1583,324766.1364245424
1584,230342.9542783552
1585,140754.46257514675
1586,73588.1184811268
1587,96450.71388185429
1588,150317.64257175842
1589,102459.70267018105
1590,132482.1174255068
1591,95033.85337997467
1592,120977.37025933749
1593,122345.10217059679
1594,130040.72555143335
1595,110979.24189189808
1596,237371.77587059693
1597,184343.59783029876
1598,202981.08752269167
1599,164488.04506247232
1600,166876.38341948416
1601,64283.27316232336
1602,117776.31763631768
1603,73873.75387837672
1604,261611.2611051555
1605,239718.46737906674
1606,165448.00086147457
1607,171422.9112292881
1608,216662.8279677546
1609,190024.44105263893
1610,153193.440093196
1611,137925.77548600658
1612,171382.42332284362
1613,168361.60078728973
1614,122364.43127071275
1615,87671.57802182078
1616,72221.3919340607
1617,89126.78768261027
1618,126855.58415022538
1619,143425.87133931913
1620,164528.54631462524
1621,137539.8550967311
1622,144533.32241739932
1623,266058.4392258433
1624,216813.4047299167
1625,120003.56928673189
1626,159253.49020739034
1627,191396.98669527908
1628,273903.46853171964
1629,177740.2519574875
1630,366393.5357086118
1631,211592.19547456986
1632,232384.75550687854
1633,172415.61546801007
1634,189633.7005222059
1635,177748.8663749317
1636,155196.94680850583
1637,195831.01300575642
1638,182967.9771405938
1639,184330.9281894717
1640,259527.9935617962
1641,174068.2834442829
1642,232735.01333792767
1643,220874.97494807089
1644,229784.78341398825
1645,200847.43239274062
1646,158265.35653617664
1647,155573.07988238486
1648,134337.73720855807
1649,138987.99361410242
1650,115902.31329884181
1651,122459.39689672868
1652,94981.33059211548
1653,94394.58383714213
1654,144510.63204423396
1655,143183.683098233
1656,144920.14419484773
1657,147082.25711884775
1658,145961.9471108672
1659,121017.12649333013
1660,158298.935248787
1661,472101.1049630398
1662,394214.00173929165
1663,395184.353578642
1664,511390.5332328747
1665,308600.65007558174
1666,332815.54154711845
1667,370852.1138715127
1668,338396.2895252104
1669,290826.250965361
1670,352965.5492277097
1671,267842.60812669294
1672,477178.9530913389
1673,292167.4327807176
1674,240834.96195216605
1675,190847.66670493255
1676,192514.6413178853
1677,220725.56085009908
1678,488751.8122762702
1679,398895.75460521417
1680,346698.182433043
1681,249373.37773584508
1682,304235.2373202022
1683,178651.7486794159
1684,171344.61268030535
1685,167459.9604026721
1686,169268.3682120165
1687,166658.40507998873
1688,191974.73340603116
1689,194162.9376831008
1690,192730.2037934785
1691,184746.68544373923
1692,260378.3767793827
1693,170015.84292049205
1694,182539.40818643733
1695,166186.4407150217
1696,273575.20927281084
1697,169062.7739664812
1698,361953.14068866556
1699,327122.99678968824
1700,249316.04492138923
1701,263939.8780363109
1702,254113.59159922652
1703,253221.57479560142
1704,280916.1631439051
1705,226007.86193726087
1706,442258.0468231737
1707,217773.70113212708
1708,211127.9052712145
1709,276458.3782394702
1710,222373.16900529535
1711,262573.964200528
1712,269907.96976600215
1713,279935.0568884993
1714,223120.07146831462
1715,206198.46833161818
1716,180823.89607397368
1717,167218.98737885768
1718,135586.65523411793
1719,195112.98502055032
1720,239294.63232438546
1721,161123.15048753767
1722,126421.09486218702
1723,154655.37477088167
1724,215423.4227918682
1725,238597.11137706312
1726,185538.75873726723
1727,162184.39609750037
1728,175396.29407406528
1729,170193.3344090114
1730,155400.61657463535
1731,120083.99749657426
1732,130819.58652058191
1733,121411.36453257455
1734,123470.8628933986
1735,131584.9067735285
1736,116698.58108357196
1737,307898.1708388388
1738,227268.17258014937
1739,270080.1590934872
1740,241681.3298488909
1741,198206.47045937693
1742,174063.5668226597
1743,174707.8693238058
1744,304718.8131668323
1745,215280.6418677573
1746,178791.254362342
1747,217405.75461076037
1748,223821.65242880408
1749,152577.19056053393
1750,126563.12692405161
1751,234541.22026149533
1752,120770.17345676372
1753,148873.97466286502
1754,188036.12323708716
1755,167777.83971023702
1756,127183.31251520212
1757,123773.88441788027
1758,146102.7152804113
1759,159487.4106019658
1760,164337.62445365882
1761,139697.01272551477
1762,183943.0894770783
1763,165191.0709680019
1764,114651.90371864043
1765,162097.0196414971
1766,179893.59008238016
1767,217397.41353668497
1768,148728.84148436325
1769,172016.9364889362
1770,148446.0126751751
1771,126313.46976833104
1772,134859.13232950933
1773,133193.38439532564
1774,137860.17883150652
1775,135397.07465926957
1776,124310.74130854207
1777,115391.02727023956
1778,139860.11185208935
1779,121192.26282460125
1780,171303.87018753344
1781,129862.36861925412
1782,88222.50657907
1783,146512.7305021152
1784,107552.43280373116
1785,122876.78064389563
1786,139780.15987124667
1787,162992.33803442612
1788,55463.15535184379
1789,101075.3472299162
1790,80321.53545451321
1791,180399.6188740848
1792,155052.4125704519
1793,127106.5913959585
1794,147178.8755734595
1795,130341.73042791002
1796,119415.67507023126
1797,115273.51575436552
1798,125753.8721024475
1799,109537.27649802102
1800,134355.04437664294
1801,133076.4554411343
1802,123788.15227390679
1803,149885.53029919352
1804,144238.89096176764
1805,136623.77879536554
1806,116364.97231894972
1807,123679.84641663873
1808,120800.47310267626
1809,119134.83658256206
1810,145692.86604859447
1811,97733.22781231395
1812,95275.73356161309
1813,124131.7524856928
1814,98781.04095801382
1815,51983.11315696586
1816,98893.59065208623
1817,114470.52798373101
1818,148682.22007712585
1819,123754.50137404147
1820,48433.96505864966
1821,107709.59363846373
1822,145416.72873588177
1823,41495.69258887494
1824,131824.72506666463
1825,136133.56809424312
1826,101595.17491054107
1827,104847.80475866048
1828,134513.2187674677
1829,113212.26620475146
1830,139383.91901037062
1831,144947.97721158667
1832,82714.15315426089
1833,138124.9530840427
1834,119726.3450570527
1835,120949.48683373895
1836,124791.14945656189
1837,90648.2955081494
1838,127448.41768385429
1839,89515.33600947891
1840,159693.01466208452
1841,145042.53754977343
1842,82713.38420231434
1843,133481.27571856842
1844,133144.5084030138
1845,141013.7569876508
1846,153262.34709818388
1847,166404.8674184637
1848,55489.15957624637
1849,106066.14627906411
1850,115867.09854569397
1851,149924.21387076934
1852,125146.51095313038
1853,138507.35040914686
1854,170180.8543676645
1855,148006.2936936241
1856,217983.53630167517
1857,147717.48169918614
1858,139080.09960193862
1859,116877.73468304255
1860,153179.52710968792
1861,115780.10700585075
1862,310968.8989019657
1863,298126.8935284157
1864,298483.2217394286
1865,321742.5830614064
1866,335445.86689627654
1867,235755.45822443132
1868,306701.08545923827
1869,201160.01851651352
1870,228891.01015121618
1871,245027.65017322078
1872,172277.72449754935
1873,237016.66717268626
1874,144266.20932977682
1875,199726.5345102084
1876,194853.92692577318
1877,209381.54589244915
1878,207350.36682459997
1879,130368.57139900414
1880,135067.57674002124
1881,238514.9178406626
1882,247694.18900066416
1883,189212.56798062415
1884,205292.78280843695
1885,237012.69575264846
1886,289642.2927322497
1887,204159.6011945235
1888,276075.6047338127
1889,163724.5084029547
1890,122664.37547044364
1891,129266.62254158001
1892,103549.03694290767
1893,130984.18955840991
1894,126619.9210437637
1895,134628.2143929599
1896,125069.71391142659
1897,119110.23845262424
1898,112288.51629499589
1899,158328.53627740886
1900,144939.71608969104
1901,172848.6348112435
1902,140848.27579411288
1903,209501.38829249018
1904,146683.2208089949
1905,190580.9571047197
1906,168226.69433839375
1907,198781.51011344418
1908,110900.13089107895
1909,134834.43289885245
1910,118761.54370609926
1911,213744.00304108142
1912,312584.66257879185
1913,145204.5113961779
1914,53022.3293519851
1915,309121.6103054185
1916,67584.23408830658
1917,247232.89032982037
1918,139610.4646552335
1919,168596.12996064126
1920,150368.89747873845
1921,433678.30205855455
1922,321011.69062406506
1923,212505.1830497657
1924,234372.53613275112
1925,194923.31925561614
1926,408108.9774796877
1927,133111.36030130243
1928,156680.76716025686
1929,122893.48573200572
1930,127794.81790715124
1931,146428.9852251641
1932,139771.08504590014
1933,192540.35224152077
1934,182149.55671162755
1935,174070.3522521836
1936,185298.4362762184
1937,179124.764722228
1938,175353.64809048123
1939,229276.33795630277
1940,186370.5868475433
1941,173333.44705030456
1942,183236.56294802233
1943,200560.55519102764
1944,361664.559775266
1945,398242.26030277554
1946,143672.11232205055
1947,296664.0844815797
1948,173894.0044040972
1949,249995.74617912114
1950,183613.25579857943
1951,251466.319820471
1952,204823.65539218223
1953,166828.61334285044
1954,181155.57970264187
1955,136018.02705284255
1956,293683.1592225082
1957,153813.2330972138
1958,316490.7797287109
1959,140663.56637551705
1960,115292.09080963126
1961,121050.39505308597
1962,94567.7072865003
1963,100973.83117353678
1964,110476.67610678647
1965,145217.3462551884
1966,140424.6176626124
1967,284350.1463561988
1968,451106.02569564723
1969,397364.3835507154
1970,453377.0001529805
1971,452897.66251192987
1972,386100.7157655518
1973,257158.45420081425
1974,318258.85253073496
1975,538908.7612786379
1976,269090.9261700705
1977,360535.60168909107
1978,357124.73880496173
1979,342437.5000690608
1980,198735.2235519598
1981,345557.90853496606
1982,216185.07902323618
1983,203370.13530862523
1984,165080.69496728168
1985,217296.72926750634
1986,212283.1167010154
1987,173267.83231100446
1988,177407.80216206016
1989,191123.50082548842
1990,218163.37120225452
1991,234688.8315449193
1992,213329.6951399139
1993,168973.79756719462
1994,227138.96034416888
1995,187255.01446247764
1996,249849.6241244757
1997,310008.1272204347
1998,342317.5712010839
1999,261576.6408830023
2000,327352.64124885364
2001,277837.2290118778
2002,239624.15956687075
2003,255502.8511718157
2004,279436.7009806372
2005,210167.06923522463
2006,224223.26961309198
2007,249921.2750992584
2008,224731.72644669944
2009,195377.18523039596
2010,190149.65155959886
2011,137504.10736405262
2012,177405.99648441625
2013,181099.1749453136
2014,184217.610312069
2015,198947.220527059
2016,195773.78409982947
2017,196157.10868287546
2018,123078.21339311473
2019,134977.54084967688
2020,105828.26226210225
2021,109779.91028372843
2022,176495.6510686102
2023,142309.6473300926
2024,260493.37907407625
2025,342620.6166046235
2026,178160.718773672
2027,158637.19919497013
2028,150887.0170762884
2029,169232.47427384125
2030,265078.87212519866
2031,224122.79423919594
2032,239527.22305545406
2033,256224.48137824237
2034,169603.66155135463
2035,213797.8111920705
2036,194225.39113064558
2037,202057.29094041878
2038,297697.8551762977
2039,216909.7272790125
2040,269958.5772107303
2041,281220.14708509564
2042,206508.35360490694
2043,172640.86595450947
2044,168730.90228411034
2045,208987.44335696357
2046,144202.04289745016
2047,148688.37119677936
2048,141428.58259620535
2049,139921.67514486378
2050,176889.53894556226
2051,103881.80414635545
2052,128590.06169803039
2053,145895.02162528312
2054,80699.3015624047
2055,162337.64440587384
2056,143265.16823687358
2057,115255.38293530715
2058,225636.17905987543
2059,133577.62450632948
2060,171465.99857582216
2061,171515.52508355654
2062,130924.87152146993
2063,112961.10476565783
2064,143591.74486519853
2065,121921.63952919576
2066,163075.76588205496
2067,111439.27703371922
2068,140100.70503590573
2069,83047.50668877999
2070,113475.94962708362
2071,95209.24836160766
2072,130845.60202292823
2073,138205.71408359986
2074,183769.5354243701
2075,138980.1351985196
2076,120692.00840088517
2077,156733.1956343674
2078,131429.59320877498
2079,130379.54384599945
2080,117013.71166484235
2081,125276.80476241616
2082,124908.67616971122
2083,142023.79814981506
2084,110291.72698878605
2085,122483.51793896173
2086,110050.45450136835
2087,120252.34545946987
2088,94747.95044876871
2089,75116.98329396476
2090,125489.41731031572
2091,118298.18697906565
2092,129018.42359002409
2093,110186.44746634542
2094,108115.1301983374
2095,147162.8640221664
2096,78876.59824452562
2097,91563.0719297094
2098,143458.37492058537
2099,55367.891713524616
2100,81242.2712237431
2101,120167.51446480765
2102,122700.84386935718
2103,104151.3845583981
2104,133198.06420916884
2105,122220.1428594003
2106,67518.1758399013
2107,211748.1882705337
2108,111791.75615211161
2109,110710.52846363955
2110,135391.92940303363
2111,136299.94377161964
2112,140458.3399239321
2113,123065.44370470196
2114,110479.07335766652
2115,160671.37786540628
2116,121459.79276470002
2117,150796.6897017202
2118,127514.84850406201
2119,110920.16951449764
2120,109711.75744316891
2121,85941.03583554423
2122,115232.67691809408
2123,85661.93076197337
2124,157796.84987971862
2125,127431.14142653617
2126,152166.36517166876
2127,148753.40016169532
2128,124153.63339181549
2129,94409.51407745367
2130,141090.0772243844
2131,139793.7024839355
2132,116249.62755909096
2133,124688.41560140853
2134,120674.924579038
2135,96618.46498478002
2136,76921.98675856332
2137,116601.4755137449
2138,131757.84112555016
2139,152118.51453731384
2140,140598.70039558323
2141,143609.88613169757
2142,129394.03257464877
2143,145901.8210086721
2144,116258.42775468162
2145,138425.1163045197
2146,159953.34068363218
2147,146743.03077880177
2148,133448.5577326232
2149,149049.25680551736
2150,219722.4283122123
2151,107935.35430884066
2152,178463.36326213932
2153,161746.6516586212
2154,110009.89042585385
2155,139362.55230375103
2156,267968.6435862581
2157,230593.9161368929
2158,235938.7456003926
2159,205318.30496149044
2160,174154.52379902458
2161,238664.39046329397
2162,395100.82660060213
2163,369282.6215155219
2164,243603.3692861045
2165,203352.62812379393
2166,149965.5679137052
2167,213543.67995850922
2168,198064.79355215502
2169,196850.9371254184
2170,219008.36147044768
2171,154896.62451359117
2172,130410.75910903545
2173,161478.23941863354
2174,229865.30570867358
2175,292357.4083345954
2176,321282.23035794264
2177,242058.70758491577
2178,209393.79586614022
2179,141150.6817897868
2180,218878.2694567229
2181,192284.22957054764
2182,221908.69306999005
2183,191483.87247251818
2184,123621.41166414005
2185,119220.89583196514
2186,144951.24797035017
2187,150439.17451976665
2188,155897.93247037363
2189,275767.41120207217
2190,82508.00877923169
2191,81864.2347567302
2192,91408.43224360331
2193,103467.25549293734
2194,101235.01529960868
2195,110969.79577589047
2196,101683.82224980125
2197,120395.14752376973
2198,157160.40978793384
2199,182172.8987515775
2200,148673.44197134307
2201,138745.3692017508
2202,207987.4346782508
2203,141715.2870330848
2204,183530.58140977682
2205,117348.05272046018
2206,141378.5820844947
2207,225416.09764043693
2208,249029.94522337656
2209,237068.2566753729
2210,120425.5997294926
2211,114227.89602220806
2212,118528.4457975687
2213,108515.1620258828
2214,140287.13423390017
2215,101397.52160109112
2216,146149.78663099435
2217,71700.33265486795
2218,63995.06765919254
2219,57811.4625750325
2220,59852.80061298391
2221,312291.6540367248
2222,276402.04415402934
2223,296706.1554502072
2224,211549.3602808964
2225,119744.91989243792
2226,192436.46028593514
2227,203149.54907001893
2228,258668.26957012955
2229,249370.9851228547
2230,153790.4636517856
2231,214463.26788330125
2232,181063.14301395701
2233,182249.15173895267
2234,236656.245266826
2235,221803.94620329063
2236,263168.2355453372
2237,351670.2059014165
2238,201987.27092925686
2239,113485.81175439476
2240,157691.13303549023
2241,164172.06509949165
2242,124834.52139324618
2243,126734.5457529118
2244,100744.79907304893
2245,98384.2610616069
2246,138746.80775195413
2247,105536.82915624665
2248,126149.16844409137
2249,124167.42136126052
2250,134595.58496026986
2251,106303.75825795639
2252,172224.89131772885
2253,154313.87109364994
2254,177210.95053248608
2255,189029.94106798182
2256,181372.82739007595
2257,208592.66372242552
2258,160841.69578264945
2259,178622.28740513354
2260,156713.3660572407
2261,183905.83812204786
2262,199783.61837986595
2263,376507.8212406753
2264,502216.60995947866
2265,170963.76041563845
2266,283797.57814022334
2267,379583.3091761254
2268,427545.27123770374
2269,149312.9810597307
2270,196396.9219183601
2271,213262.3833598611
2272,198652.57848522422
2273,165787.70274505793
2274,180017.50599473744
2275,166081.84808383597
2276,191789.2709174573
2277,183923.40484099236
2278,145095.31635478936
2279,124863.3551828032
2280,117258.28720317376
2281,174146.79393818852
2282,190054.78140925663
2283,102008.19557674504
2284,110084.18300132058
2285,139850.06995886774
2286,122396.38856147445
2287,349351.7725747833
2288,274415.72501600557
2289,384584.00593268406
2290,467774.1472304766
2291,325590.3143320101
2292,456030.24671862304
2293,488593.3785748323
2294,414005.1917732466
2295,493494.3033750485
2296,289486.901796974
2297,316674.60632147006
2298,326170.8332213955
2299,389757.8082850613
2300,340086.28904133424
2301,294829.6984924853
2302,245476.59623721874
2303,228241.88394938625
2304,237039.25729049428
2305,187314.56827100713
2306,185512.571507507
2307,193163.39207207132
2308,219758.5320954781
2309,271458.6501423149
2310,208536.23284608487
2311,195804.75734049594
2312,174118.09791910253
2313,173029.3810733353
2314,169164.77727360028
2315,174956.5098615676
2316,188099.9394950925
2317,181238.69239943207
2318,176843.21815654146
2319,176344.50084118353
2320,185071.93186524036
2321,232382.43238779833
2322,171788.59203286207
2323,186645.1020219791
2324,174298.89664194267
2325,209408.70505210687
2326,172554.8041623254
2327,209940.78466150077
2328,226829.40709836103
2329,187403.39611015323
2330,178466.6744227227
2331,362154.2363497671
2332,381212.3420783441
2333,313739.5005256403
2334,253091.5087756772
2335,268007.93806264544
2336,332214.75278999226
2337,201934.64687958715
2338,266476.24616282823
2339,215743.83209745373
2340,411872.05360118253
2341,214048.83459543088
2342,223913.24954643752
2343,224877.75631365497
2344,210077.05057146677
2345,231195.8528343367
2346,208519.8590044012
2347,197776.06383839843
2348,231552.45359708698
2349,181054.25001398602
2350,302318.49065349257
2351,261324.62454109907
2352,257185.53347614667
2353,254773.83532680915
2354,136174.0512482025
2355,144569.5735037121
2356,152268.19755522138
2357,193061.66569297021
2358,191948.7733619798
2359,129244.70697096598
2360,116042.0426611771
2361,143763.86092272506
2362,273753.2080151136
2363,138614.5820715638
2364,155391.7480338398
2365,213244.8070642587
2366,192599.73935394103
2367,221883.23295350277
2368,217624.88941126346
2369,214699.23467731153
2370,168515.71634903137
2371,168475.68202937054
2372,194855.7535893399
2373,277787.6703659722
2374,313209.6223974131
2375,247243.96580867277
2376,280546.23994398315
2377,351674.4042871427
2378,141643.42419944203
2379,194896.8693054033
2380,146054.03491212733
2381,163193.2639101206
2382,200675.0503007976
2383,205066.04763694893
2384,244524.42267962248
2385,158014.83532017347
2386,135278.62531495333
2387,135868.5078272405
2388,99591.88623069279
2389,122145.90819991016
2390,146735.139702512
2391,146867.89809504047
2392,116360.11900570308
2393,163528.13409320364
2394,143525.87990860984
2395,207035.00997047685
2396,144084.39805455887
2397,210245.99228577118
2398,136442.62810198579
2399,56755.06186749916
2400,57047.44384497856
2401,113201.09181525912
2402,137342.24555232655
2403,138193.1305872065
2404,150636.20139358338
2405,158466.9636353505
2406,140793.90092507697
2407,123286.68251363463
2408,141575.40147060697
2409,123326.35170821745
2410,167312.3232884533
2411,119824.29321165555
2412,158220.64989866377
2413,130335.1501769433
2414,143941.2138170647
2415,131966.4448595636
2416,124711.20985185492
2417,132205.1851855928
2418,131142.777749933
2419,123183.1844784432
2420,128571.68423810652
2421,152693.30219942238
2422,108119.84358820897
2423,116709.75891474106
2424,149754.66046148294
2425,204720.2090978151
2426,133761.77140720387
2427,132120.69742185157
2428,174581.77849909815
2429,117824.16124746432
2430,130488.59275999245
2431,110472.80092090546
2432,146432.93920036597
2433,146772.80412335013
2434,138177.6088661648
2435,155107.29105870082
2436,107091.0885410815
2437,108364.85098313462
2438,127560.98386645733
2439,109857.70806201182
2440,118466.59091060591
2441,91336.69453304302
2442,99971.74637364785
2443,123127.52727550387
2444,126019.52449864348
2445,85106.97129270056
2446,136345.41251107544
2447,184811.0255386057
2448,135719.59846431634
2449,109967.89756208805
2450,146774.85321662656
2451,128779.95543325986
2452,196281.4987679941
2453,88824.50380434903
2454,124057.80898601336
2455,120293.04326002019
2456,132174.9496750785
2457,132374.98299242347
2458,128086.35805317847
2459,114205.42714925512
2460,134032.35540358204
2461,120724.40322470825
2462,136776.6121129282
2463,122434.35083198684
2464,176826.1282664141
2465,143939.2375640902
2466,120131.49295060044
2467,133448.13516741717
2468,81563.27249701996
2469,78448.85228545463
2470,187623.2898539464
2471,207402.9130565947
2472,161906.3133926396
2473,117349.60900920733
2474,83075.62337492773
2475,214317.7120390642
2476,117262.66036175829
2477,130517.53074287182
2478,151874.86662427417
2479,104303.60615973399
2480,155135.44973994803
2481,121451.4951417472
2482,128896.83576784204
2483,113401.06054878191
2484,123131.8280577185
2485,127209.19432920507
2486,157265.77551921504
2487,186513.07177703164
2488,157377.96272517188
2489,149280.34011933877
2490,151408.06266790803
2491,91296.78144250571
2492,194322.19670725206
2493,151751.68841713926
2494,148076.68063955192
2495,91047.05637650029
2496,239841.78591231184
2497,146693.66673113962
2498,112266.99470013365
2499,91089.88508258577
2500,131961.5368422752
2501,137301.3144496759
2502,149225.16039722553
2503,100240.54769850221
2504,182927.55001544792
2505,222142.20692373102
2506,256581.5625673412
2507,280940.0482320194
2508,256677.4930303572
2509,220055.4801770534
2510,216423.58872397913
2511,176123.6779354508
2512,202724.28404118685
2513,222014.47347206567
2514,263538.18348250515
2515,151989.76044341523
2516,171842.5423413025
2517,140365.82089950377
2518,151438.11176339525
2519,224067.62254137357
2520,216840.30462372722
2521,188862.9041318946
2522,220741.06346939897
2523,126308.33777997571
2524,138943.13656351058
2525,149729.51408816868
2526,136223.7839459096
2527,111453.31348933953
2528,133350.89026119473
2529,128359.65533515527
2530,121087.88855500054
2531,252326.83695741626
2532,226216.0329606663
2533,197945.60150411143
2534,224976.04219377635
2535,304509.69992993155
2536,234114.21990339586
2537,221878.0779208893
2538,181073.4385996093
2539,186523.35572599102
2540,177280.9815844596
2541,180137.25907722034
2542,170825.07900051167
2543,126783.559871088
2544,122479.89037393637
2545,135862.32286546033
2546,128395.86509855933
2547,138807.89302970085
2548,151324.40824105058
2549,161336.33434086584
2550,691921.4660213816
2551,139095.33593698344
2552,127741.79049924032
2553,76944.4776461765
2554,104402.04000573733
2555,116913.67785162339
2556,105529.30228046421
2557,109950.30892730375
2558,157856.04578833358
2559,140246.17955048516
2560,147981.6013897841
2561,139525.30315276422
2562,136514.10100819007
2563,150388.2158463091
2564,206865.87780605262
2565,134415.89152107493
2566,163840.7412486552
2567,137948.10501881485
2568,201769.7846722399
2569,209307.32505816373
2570,117140.60017486895
2571,189730.0136513858
2572,142458.3320463936
2573,217741.55227546114
2574,278978.980751307
2575,130301.5356831191
2576,118308.73024969836
2577,149024.30613431236
2578,82798.38131665505
2579,63211.8363151173
2580,94930.26819011083
2581,98300.67593546191
2582,95042.21376788596
2583,274415.78790587664
2584,166928.37413799207
2585,188871.2618576453
2586,219206.7017758862
2587,191896.0022080451
2588,142709.00523692902
2589,151206.6200812807
2590,209724.82305283681
2591,214754.3607648551
2592,210441.93703840964
2593,243213.44951123916
2594,176143.09589537804
2595,198098.0952533686
2596,318803.93265065027
2597,191180.65300708445
2598,274219.70540344715
2599,308086.3921296593
2600,152638.15116705728
2601,152253.55068659608
2602,81528.7872852687
2603,93375.92955158795
2604,88972.16578081583
2605,76135.91949825689
2606,152956.79425006988
2607,199930.76832555982
2608,199468.83875162038
2609,168411.77953795437
2610,110080.91890414957
2611,122508.74451450972
2612,153396.45205251977
2613,132662.5384731702
2614,127482.11792662457
2615,153666.57293534678
2616,142567.0201023117
2617,184674.88212653063
2618,198697.25342565344
2619,193200.01425162764
2620,181957.24136649477
2621,177222.1136643383
2622,182236.18090522953
2623,245242.4884277782
2624,317414.45728215756
2625,289819.35983850574
2626,171265.4113169196
2627,162999.3515190023
2628,492903.6735391311
2629,520977.9171917827
2630,352248.6285386486
2631,472156.62280042184
2632,449829.5242569953
2633,298775.71521060634
2634,427760.255764212
2635,158073.11503958807
2636,179254.58993547334
2637,178921.1866082545
2638,252820.61816470118
2639,181818.24295679014
2640,153068.249924551
2641,104513.91365960185
2642,191535.80589012633
2643,98594.27145331721
2644,126536.44244591887
2645,104737.99682123493
2646,93795.52401789906
2647,102180.43034431327
2648,142680.09040204922
2649,148669.54582526098
2650,135389.8569495497
2651,141470.3063370869
2652,403838.22848350613
2653,246757.15140411002
2654,250076.87753033207
2655,419305.12753460393
2656,312751.19551076426
2657,340426.55590971804
2658,291287.90239469305
2659,290794.0793055255
2660,356102.5924907017
2661,341196.2958793971
2662,359129.5603241198
2663,276053.02545522904
2664,264575.1864980004
2665,321008.6276584292
2666,275871.76228388544
2667,165124.8594674581
2668,176131.1072847396
2669,176658.312971008
2670,272688.3954899104
2671,181494.1416902509
2672,192599.30895123677
2673,207428.86810389347
2674,200222.8799319824
2675,168817.04576897173
2676,188656.22900456295
2677,196281.86202413592
2678,246893.501769534
2679,270171.2981342644
2680,278628.714974946
2681,410918.81372138904
2682,320663.5762628749
2683,551460.598601621
2684,316761.1885831262
2685,331397.61709806544
2686,260696.6104717496
2687,328896.55275629344
2688,202570.84051213262
2689,199085.8954759859
2690,472464.16844341345
2691,191977.19488013728
2692,134188.31703616283
2693,192021.6277034844
2694,133725.39522598888
2695,192336.3603729679
2696,184331.82323848776
2697,190339.16279003228
2698,188777.504295633
2699,175432.05814046855
2700,160859.53008576273
2701,150166.96191849117
2702,110868.7190737472
2703,116752.50545480319
2704,139791.3367399221
2705,121353.44136444331
2706,116028.3010541097
2707,123824.13491713048
2708,134061.20687811074
2709,108589.35779414183
2710,129172.90890186801
2711,280758.1449361807
2712,394823.0933030098
2713,173048.3300306438
2714,148974.26784936397
2715,172467.21906881075
2716,142430.30093528674
2717,186261.21048340003
2718,223658.16642694417
2719,157826.3994890523
2720,167793.8597514916
2721,136219.61497875454
2722,160248.75776498037
2723,140117.42902122316
2724,129701.20867696956
2725,134630.44418272347
2726,151787.7099957635
2727,182580.77324607086
2728,174508.3036312083
2729,152019.8022962801
2730,146583.31900577527
2731,131752.9850415233
2732,131425.0042680098
2733,157876.2855920747
2734,150998.45198780374
2735,138777.94337092648
2736,148005.5150430943
2737,127230.52990681436
2738,133389.71061160625
2739,161976.07774318795
2740,135873.09348278207
2741,149202.03012866224
2742,151841.23386972642
2743,150536.67696468288
2744,157570.19595592434
2745,137869.21145379514
2746,136617.25339676996
2747,142737.15052341227
2748,125672.1732034346
2749,130052.43310003755
2750,132961.17844272254
2751,135887.94168321532
2752,195974.5821545552
2753,147366.34654558107
2754,228136.9838292881
2755,131748.60799570323
2756,92079.75881403837
2757,68992.2154065421
2758,80514.84249302495
2759,156946.51340977295
2760,127632.71021436018
2761,147399.48736913298
2762,142331.58342780478
2763,179635.07366060675
2764,142323.92677281075
2765,275950.0689289131
2766,133029.0021035269
2767,88297.91831004011
2768,129308.85414376737
2769,133960.09058528702
2770,135274.09127468604
2771,112820.95083697766
2772,114807.50297912676
2773,165948.2736435195
2774,137245.64977862546
2775,116105.34783743996
2776,135338.270856332
2777,140518.20251903078
2778,97514.22427146463
2779,125058.22037202468
2780,96497.90721001162
2781,98497.12187695983
2782,92910.72191398221
2783,103088.35517992324
2784,121381.78112580761
2785,139286.3510282358
2786,64396.501854467315
2787,122596.42051830048
2788,72128.02675809732
2789,167856.29230765902
2790,95382.0528975828
2791,114239.86190879958
2792,52721.57030981479
2793,168949.16671830282
2794,97015.01693835216
2795,125436.25059154733
2796,101080.26435716859
2797,194913.6792296081
2798,109013.85373345485
2799,119545.86321384077
2800,64183.9374604843
2801,110196.08784866029
2802,137379.88205976968
2803,162017.76949154376
2804,127276.56286475822
2805,100890.00559432432
2806,81372.02531411065
2807,157421.7361856606
2808,151923.4389481512
2809,137313.14629806217
2810,131660.76354144327
2811,163462.6673886137
2812,155966.08102699748
2813,156287.9918913258
2814,151634.5186778892
2815,103616.8592953863
2816,242468.69369929997
2817,161653.19663454115
2818,133587.98718566028
2819,163219.5949210383
2820,141581.29715041275
2821,112989.09913178495
2822,198226.81337854033
2823,334657.2583189553
2824,188588.7140776351
2825,149556.14507280226
2826,131806.77104099432
2827,135522.6595603053
2828,219031.90879919604
2829,210944.03048383305
2830,224461.241711527
2831,177481.00361439615
2832,254529.22347730523
2833,292626.135919636
2834,208464.35161358013
2835,215752.06497687547
2836,195035.24983125686
2837,152531.2308689322
2838,150866.77077147222
2839,177320.5868252265
2840,198457.79213697684
2841,203203.41324450556
2842,229460.40451685936
2843,148731.91467670555
2844,157616.02944050843
2845,122585.33426141324
2846,211191.37416850796
2847,203284.25761075452
2848,207475.34385420865
2849,198873.60615947776
2850,277613.6493463649
2851,217609.7294556312
2852,228742.20893667865
2853,239952.72827080757
2854,140840.1580887807
2855,199901.192402758
2856,199399.82323828177
2857,184700.53479397448
2858,195877.29471592233
2859,121814.76381197141
2860,128380.07752011041
2861,122398.20219996493
2862,197970.4878069031
2863,125359.66215643841
2864,250897.6509901108
2865,139194.2522757083
2866,133602.4904123221
2867,96261.85973696946
2868,99444.63062438322
2869,111390.30396911442
2870,123539.22839767417
2871,85067.85667626208
2872,49124.422831767624
2873,101598.12116231979
2874,137086.9294901872
2875,119939.2633271579
2876,162348.84626453673
2877,141138.36885381938
2878,166773.3486118457
2879,141153.7615119755
2880,103019.72807690708
2881,148992.01884609222
2882,181244.34283983044
2883,200071.7912000906
2884,196171.92456770877
2885,192504.56926962305
2886,233010.70777824722
2887,95260.26470292779
2888,135324.33040884434
2889,54464.81603917373
2890,80673.42196900229
2891,133489.9356484518
2892,42938.667274901
2893,72494.83586928424
2894,48396.14475162416
2895,333448.0111877398
2896,279946.1675481292
2897,196925.5873833736
2898,143619.50010027265
2899,206489.82390958373
2900,162114.7528989932
2901,204907.96071968798
2902,186765.27945036202
2903,350471.7529658916
2904,353855.2450720327
2905,87399.37851718394
2906,201628.87988221092
2907,108818.6874869257
2908,132866.78046524784
2909,145548.38515648694
2910,79355.73396775169
2911,78968.23812755136
2912,144341.8034429951
2913,79241.20255695033
2914,76872.93651271483
2915,81571.26570808489
2916,78558.43366536833
2917,167999.42319590037
2918,118656.4922885519
2919,217579.36822858325
