Id,SalePrice
1461,127364.42770090968
1462,156303.175110278
1463,189167.5714404672
1464,192103.16590415963
1465,189621.79126544343
1466,172489.72223058497
1467,174075.26501431692
1468,165576.25109973975
1469,175769.3818513935
1470,126875.97302241393
1471,198497.60609437802
1472,93543.97186953988
1473,96522.784316934
1474,147761.28730907792
1475,114413.02185144754
1476,379871.1496512935
1477,250536.20991866785
1478,283582.6404077974
1479,281259.792697906
1480,535668.9914119784
1481,316168.8919335238
1482,203618.2550134953
1483,174551.31150465488
1484,170491.37174979638
1485,183093.52081557477
1486,194084.96381297515
1487,338377.7443019905
1488,228965.48094590305
1489,206678.16519156357
1490,232722.6600346807
1491,191007.87732926948
1492,97244.16895930016
1493,177969.0491477031
1494,291274.80791856383
1495,280089.729766564
1496,242295.8315013551
1497,185048.6169699431
1498,167737.21969387349
1499,160584.57066980534
1500,156228.20893429997
1501,177771.35426886205
1502,147449.1482877868
1503,291939.9763961632
1504,238101.8035916098
1505,225983.00974831224
1506,183067.97035096353
1507,256531.7596900543
1508,197565.28125211992
1509,159984.63796010235
1510,145390.11087792338
1511,150373.05815586774
1512,171916.11807355093
1513,144900.7274587385
1514,159656.79129880155
1515,191858.5503701994
1516,147369.06825234334
1517,156744.03394300878
1518,131949.65765264246
1519,230294.29148706858
1520,134407.0724118185
1521,135730.3240895649
1522,169595.1576342592
1523,114449.12445332635
1524,121096.97693582484
1525,124471.59163540779
1526,117291.7145755212
1527,108317.97191095527
1528,130487.8556388008
1529,151037.44319595478
1530,171374.0449108607
1531,104846.46966483656
1532,94706.31073387414
1533,147777.53431395546
1534,121187.13530830089
1535,150518.18686026853
1536,109497.52578263749
1537,67858.85266674415
1538,148472.0565447964
1539,188776.0812312267
1540,95135.60466633557
1541,140587.97844179056
1542,136853.29384310008
1543,199379.28337795901
1544,79248.50600119977
1545,107018.00031242607
1546,132033.0957872041
1547,135063.11237202323
1548,136685.7082703277
1549,115125.9199260661
1550,140203.71469173877
1551,107348.14704010607
1552,145833.92202523112
1553,147940.111293128
1554,114619.03079997383
1555,167425.755173799
1556,86470.70123986655
1557,107780.69542461418
1558,95389.6334680153
1559,67344.90556315373
1560,130187.23090212795
1561,140018.75438529748
1562,129819.14887624742
1563,122365.572004938
1564,163468.3461267951
1565,151674.68639206642
1566,233682.07446956812
1567,76385.38647217929
1568,227872.24481101168
1569,138030.55808762062
1570,135560.52487660886
1571,117461.81913345394
1572,145588.2880646878
1573,246531.5731027164
1574,117681.93889410007
1575,218908.20660752035
1576,243249.8834173642
1577,198483.83809611897
1578,144510.00111703784
1579,143176.13181949535
1580,192906.6451699926
1581,150980.5746063799
1582,124566.68279822101
1583,324771.27214221266
1584,230137.96739530147
1585,140720.88556317982
1586,73495.08359543946
1587,96369.80462200883
1588,150032.09358034248
1589,102341.93993696698
1590,132363.76523179904
1591,94859.17644809757
1592,120806.65664813644
1593,122266.27572387569
1594,130066.22123540696
1595,110969.12044799376
1596,237109.25849523002
1597,184324.17108699036
1598,202664.732186041
1599,164010.22264580335
1600,166589.21550131618
1601,64108.190619860725
1602,117737.69338986499
1603,74009.40947501229
1604,261407.5621607935
1605,239452.3871866973
1606,165489.30887597246
1607,171147.87453485373
1608,216958.72769423414
1609,189886.87168723386
1610,153391.9308691915
1611,138040.11843015294
1612,171483.62852162228
1613,168439.37220706386
1614,122093.68856410548
1615,87430.44747936836
1616,72072.42638559702
1617,88944.55221605697
1618,126725.86818097334
1619,143450.1395889499
1620,164615.74841636483
1621,137631.94132875034
1622,144508.59570478677
1623,266055.9322082052
1624,217021.9462699098
1625,120036.65513875122
1626,159394.1029981104
1627,191390.48688863567
1628,274098.74260207126
1629,177592.74105290312
1630,365822.21576766274
1631,211004.51645161735
1632,232152.3790126601
1633,172426.90048096923
1634,189220.89822197304
1635,177933.9092759677
1636,155395.819980048
1637,196191.4340114445
1638,182809.23109501827
1639,184531.73014796936
1640,258982.6050044459
1641,174270.7445646398
1642,233064.00273067164
1643,220654.12715728514
1644,229295.65078182062
1645,200789.49707130232
1646,158382.2026537747
1647,155699.99571893777
1648,134382.15801760455
1649,139034.86612881933
1650,116053.3586128078
1651,122377.37951572692
1652,94879.60749041678
1653,94289.08691732064
1654,144458.38100364932
1655,142755.79536162748
1656,144844.63635431422
1657,147026.58486052256
1658,145907.29459146026
1659,120987.27863600347
1660,158160.84163670673
1661,472646.6670953765
1662,393995.4302696493
1663,395070.2892935289
1664,512406.80813769763
1665,308233.6489100053
1666,333327.1771708366
1667,371679.8981003888
1668,338955.7589648113
1669,290500.29141039116
1670,352628.4530696022
1671,268126.64057475067
1672,476214.12235936715
1673,292190.6413718191
1674,240595.0121669299
1675,191242.87721159362
1676,192799.84840687574
1677,220277.19873344066
1678,488933.21850762604
1679,399036.16774939874
1680,346323.39945871336
1681,249122.3695002905
1682,304406.15553438576
1683,179084.41588707553
1684,171178.94563803915
1685,167341.8275456031
1686,169173.23418280954
1687,166629.9616231128
1688,191880.1272054921
1689,193722.70267231757
1690,192389.2943439767
1691,184658.37863175914
1692,260023.67315162293
1693,170185.69962219973
1694,182570.7520978071
1695,166223.62587877348
1696,273541.4695507534
1697,168991.96671889632
1698,361288.63027730444
1699,328170.7575898706
1700,249568.93147733837
1701,264214.3613622535
1702,254654.44037832873
1703,253411.48727856824
1704,281273.8049944389
1705,225602.9213955743
1706,442998.46869385487
1707,217643.869585846
1708,211590.36417402406
1709,275597.607025051
1710,222155.63686511165
1711,262807.7854359887
1712,270432.733522544
1713,280724.4346760826
1714,223270.96870004918
1715,206309.3830102947
1716,180388.0052520132
1717,166891.46484272083
1718,135828.26094373193
1719,195152.6471837212
1720,239126.0730389176
1721,160769.5132885825
1722,126664.3501632026
1723,154985.5557413718
1724,215505.46844119055
1725,238641.6375855684
1726,185803.0569914145
1727,162525.72793375043
1728,175485.8107677374
1729,170487.3043337207
1730,155263.4378126258
1731,120170.30620722628
1732,130724.06378271375
1733,121612.4632696641
1734,123748.59235326517
1735,131623.86287184336
1736,116810.61974157796
1737,306941.61020561703
1738,227079.78136287016
1739,269813.2582887778
1740,242015.65030504848
1741,198150.94000286667
1742,174240.3360630897
1743,174821.44372058127
1744,304455.2565817768
1745,215100.82491402875
1746,178238.4422258705
1747,217255.44119290708
1748,224085.95744891276
1749,152548.59901870345
1750,126531.30319116008
1751,234213.76921557827
1752,120911.21818493154
1753,148850.15972591628
1754,187768.8763453861
1755,167691.60630067345
1756,127098.72820657314
1757,123695.1251115578
1758,146120.84422304976
1759,159514.50145942127
1760,164478.2041607346
1761,139713.63520524517
1762,184417.08065745982
1763,165011.45513721037
1764,114689.03404154797
1765,162404.92427308025
1766,180104.52792778687
1767,217883.45060224208
1768,148577.63068358102
1769,171679.33093593086
1770,148523.3356715439
1771,126604.57401985863
1772,134748.9298153018
1773,133301.72274337363
1774,138070.08859090292
1775,135267.99526889622
1776,123977.68622227474
1777,115565.16300630118
1778,139628.69181111763
1779,121409.72417977636
1780,170760.77603649456
1781,129754.95076981696
1782,88307.61194503418
1783,146853.4027054165
1784,107371.75109727128
1785,122921.93065849111
1786,140328.00522510055
1787,162772.81477166998
1788,55287.60172882035
1789,101501.00181678422
1790,80489.00813561847
1791,179975.9556031752
1792,154950.58887840627
1793,126945.57069197588
1794,146973.81442333112
1795,130334.06245575669
1796,119752.99206827137
1797,115063.45879900016
1798,125770.9138531723
1799,109719.41900566862
1800,134451.8329054257
1801,132871.00381122885
1802,123675.91691652402
1803,149849.8463006888
1804,144247.27152368578
1805,136714.4201923752
1806,116655.3222257372
1807,123756.03934719197
1808,120976.72444196178
1809,118832.18103735891
1810,145887.39166983153
1811,97333.07492167345
1812,95168.74358497668
1813,124210.82398189639
1814,98893.94313420249
1815,51835.76549035885
1816,99051.93088871843
1817,114165.64978185443
1818,148700.32467990718
1819,123569.64829844078
1820,48674.78571457879
1821,107600.00345989822
1822,145442.50333105942
1823,41614.2217401614
1824,131874.5970123242
1825,136005.4363989717
1826,101865.37926506533
1827,104946.8161578197
1828,134848.63152934003
1829,113308.31475566827
1830,139267.07404508902
1831,144821.9772656772
1832,82872.31598222013
1833,138034.49897906714
1834,119484.0691243071
1835,121227.2451766547
1836,124679.42916387955
1837,90602.89956091184
1838,127906.72950907132
1839,89661.10945297717
1840,159447.14511569572
1841,145464.3079315254
1842,82458.27233896553
1843,133568.87193730328
1844,133222.4046110775
1845,141171.89656735086
1846,153613.8141740742
1847,166655.85441687732
1848,55377.058453693986
1849,106253.85964086113
1850,115846.63833335596
1851,149603.4071490626
1852,124944.23484766208
1853,138666.47108126327
1854,169897.4503045532
1855,148052.69902746775
1856,217948.32318098145
1857,147347.80113766
1858,138952.97541512104
1859,116820.95378423361
1860,153245.65501987026
1861,115754.10778498415
1862,310905.5018052545
1863,297893.485567242
1864,298214.54490521434
1865,321925.14401964855
1866,335409.31413763296
1867,235720.0042223006
1868,306483.30416938313
1869,200872.8755283063
1870,228801.21282006754
1871,244950.25643765586
1872,172119.2555754701
1873,236695.17133811847
1874,144258.10600569576
1875,199274.67280272575
1876,195069.11224250428
1877,209571.94945640326
1878,208129.25416414998
1879,130446.03047392116
1880,135193.29179387717
1881,239146.30682738448
1882,247270.63769342785
1883,189289.61921859282
1884,205137.58567268171
1885,236510.13784661918
1886,288891.7266318123
1887,204084.0972576088
1888,275848.6518730888
1889,163958.55142090927
1890,122698.73781433477
1891,129459.56406848253
1892,103316.80792512913
1893,130885.1822429649
1894,126537.903396369
1895,134667.46565747738
1896,125071.30563060798
1897,118850.2156804471
1898,112184.20287426638
1899,157974.60570677626
1900,145036.4977690403
1901,172763.0360194721
1902,141081.43191497645
1903,209668.18562415603
1904,146671.95470453613
1905,190620.80639469635
1906,168846.98820253072
1907,198868.4217635229
1908,110857.79218929388
1909,134845.22190344433
1910,118790.19513473254
1911,213917.39912783823
1912,313026.71584056615
1913,145381.79392138025
1914,53339.26190866094
1915,308564.9925444117
1916,67354.33627795713
1917,247029.9000708471
1918,139760.43078535714
1919,168472.82112923637
1920,150668.74896134168
1921,432827.49519885075
1922,320522.58671773714
1923,212675.3539028712
1924,234571.0944823554
1925,194844.41747483416
1926,408444.643571745
1927,133185.64976651513
1928,156983.64651996578
1929,123002.77979040203
1930,127705.62499837218
1931,146294.95079080277
1932,139671.38379972518
1933,192829.02742831418
1934,182180.25219280485
1935,174430.25204924057
1936,185221.42771069493
1937,179378.66113137198
1938,175506.55105635466
1939,228618.91234328633
1940,186690.99447546358
1941,173519.50448678827
1942,183546.87678744085
1943,200568.01096215495
1944,361398.1103294549
1945,399071.77808842354
1946,143712.53574472148
1947,295712.99842275307
1948,174018.462453397
1949,249964.94182425624
1950,183358.6443026277
1951,251752.84842530193
1952,204680.70414882243
1953,166787.032944338
1954,180900.55639661202
1955,135918.8877056836
1956,294921.9439754256
1957,153957.92960531494
1958,317029.79392485344
1959,140565.29879483097
1960,115173.6654343922
1961,120961.38598198898
1962,94420.9175942295
1963,100893.45479997736
1964,110525.84475370619
1965,145173.96658114158
1966,140231.65806678846
1967,284001.29722442373
1968,451033.6879932012
1969,397150.5587424417
1970,452385.3256865623
1971,452956.1474087574
1972,385642.8587460144
1973,256765.84426442377
1974,318807.7393301712
1975,539492.776541441
1976,268890.13290820137
1977,360842.6309965153
1978,356215.01000745856
1979,342530.51049148256
1980,198535.7649677481
1981,345484.13138162985
1982,215873.05370746422
1983,203199.900490594
1984,165108.36030309682
1985,217319.84277417356
1986,212490.07108755835
1987,172911.22068067148
1988,177290.3227849402
1989,190790.7046703208
1990,218165.13781285906
1991,233798.23742887093
1992,213046.55059428173
1993,168685.63877071082
1994,227040.6855551413
1995,187078.60225622577
1996,249772.26142130702
1997,310183.86763984594
1998,342386.6161970076
1999,261697.9123888775
2000,327256.88739459147
2001,278582.7383305759
2002,239147.07520785998
2003,255340.77106113368
2004,279385.02176548203
2005,209482.20195795168
2006,223704.062914183
2007,250192.3722429466
2008,224645.37878079942
2009,195545.35040584562
2010,189847.85364269046
2011,137554.2637719945
2012,177440.94996749263
2013,181147.24746679806
2014,184181.44828078308
2015,198662.70570118888
2016,196000.82209773193
2017,196103.15940644845
2018,123178.4821524368
2019,135214.0862460041
2020,105893.00677352745
2021,109713.40085424748
2022,176666.5529805777
2023,142252.384868017
2024,260769.03761670762
2025,341920.88934250886
2026,178230.63088501972
2027,158700.44528673845
2028,150926.81700191658
2029,169431.38033311968
2030,264478.53073979856
2031,223296.95743100395
2032,239002.52549757523
2033,255873.4655035126
2034,169744.0448056342
2035,213932.4087393264
2036,194114.56695403272
2037,202071.14200837037
2038,298135.0390711975
2039,216416.86666163857
2040,270311.2301293328
2041,280681.5584307286
2042,206104.2899730242
2043,172548.02861217695
2044,169106.1291671612
2045,209190.2908502522
2046,144051.17440192518
2047,148570.14203869848
2048,141256.4136979725
2049,139788.36421943578
2050,176515.2960972758
2051,103856.87636688507
2052,128662.29242547043
2053,145868.78189093174
2054,80715.95234364676
2055,162201.90774177999
2056,143220.07353265473
2057,115154.71465127025
2058,225204.7434606984
2059,133564.2624860236
2060,171453.98738943232
2061,171220.18537697793
2062,130942.99948680076
2063,113012.89246748349
2064,143350.98825240257
2065,122095.05154725374
2066,163210.09044774703
2067,111718.85350527917
2068,140234.60135400205
2069,83012.93693367833
2070,113411.1934762156
2071,95309.6235505958
2072,131103.47803785975
2073,138181.870270254
2074,183806.63342848426
2075,138944.05173850042
2076,120447.50421814644
2077,156725.9629137939
2078,131519.99713502708
2079,130262.34990868691
2080,116820.94707701672
2081,125081.21915668
2082,125123.50204843716
2083,141586.15242271635
2084,110212.93991493489
2085,122626.8729495002
2086,110411.72968116988
2087,120295.3680628632
2088,94891.99189241612
2089,74880.92607497223
2090,125275.32708617538
2091,118501.56649294612
2092,129048.61774335943
2093,110747.42290624921
2094,108034.0407877822
2095,146934.81590682612
2096,78976.10268807985
2097,91791.79211656019
2098,142896.50316917582
2099,55573.72660241208
2100,81345.30831139878
2101,120195.24451135412
2102,122633.90996003279
2103,104094.83880545212
2104,133003.87847920373
2105,121954.633931017
2106,67535.7772445285
2107,211733.50669411983
2108,111901.08934707925
2109,110698.52855696369
2110,135355.7871267239
2111,135955.86356508796
2112,140258.29468321812
2113,123053.47026342712
2114,110540.71651507623
2115,160595.02979689848
2116,121414.36696644586
2117,150785.4428148844
2118,127577.49766325469
2119,111009.08533341413
2120,109592.85637072466
2121,86166.13289736042
2122,115520.34986439359
2123,85614.25148953365
2124,157776.232226466
2125,127589.70073812251
2126,152163.04436566198
2127,148914.3270631908
2128,123957.24379165427
2129,94185.67703442898
2130,141029.01139412477
2131,140191.2105685343
2132,116319.02979057773
2133,124498.32816454675
2134,120658.53157520783
2135,96579.54051736585
2136,76872.174619954
2137,116597.10758780697
2138,131548.87118028352
2139,152055.6508399025
2140,140526.57484261104
2141,143675.56869996406
2142,129504.16745066116
2143,145636.60817606145
2144,116399.37811444676
2145,138445.418965313
2146,159739.28215987235
2147,147087.6768983894
2148,133094.27087700847
2149,148989.26746378964
2150,219131.20228614667
2151,107843.13155593156
2152,179060.20277877594
2153,161618.308177048
2154,110111.98481030003
2155,138943.7630426053
2156,268004.43484865467
2157,230555.05172642565
2158,235574.100051467
2159,205015.60446348967
2160,173984.11497498496
2161,238349.70815815183
2162,395734.72491106903
2163,369739.3907563987
2164,243029.32779432155
2165,203320.9193997351
2166,149799.254562764
2167,213539.12008526
2168,198389.8733533763
2169,196854.38826607825
2170,218881.457999235
2171,155080.0356058696
2172,130455.11240718425
2173,161536.58879726968
2174,229959.39433543803
2175,291866.91176352
2176,321127.5854919379
2177,242314.5504044921
2178,209165.28601644357
2179,141181.32649622735
2180,218563.20532290815
2181,192238.12500350998
2182,222043.79184144756
2183,191447.50247022804
2184,123752.1552793809
2185,120090.42523723308
2186,144914.3552230877
2187,150441.7639328722
2188,155984.8920121756
2189,274083.5105730782
2190,82382.85358635518
2191,81709.80412447854
2192,91439.11865452859
2193,103564.2653907863
2194,101185.78675686775
2195,110747.18077544383
2196,101451.12026280553
2197,120598.25779918804
2198,156728.12264786585
2199,182172.0029444173
2200,148554.87007833
2201,138328.3651378342
2202,207014.4585316467
2203,141722.8825670919
2204,183801.4859803832
2205,117322.2488456027
2206,141470.99191966094
2207,224964.53937089004
2208,249141.1542003246
2209,237500.02741394565
2210,120400.82841788784
2211,114092.55760478791
2212,118459.2993536161
2213,108391.47305408138
2214,140138.33422214183
2215,101336.26331003621
2216,146032.77666274388
2217,71604.61818860695
2218,64314.520563083584
2219,58084.97915029563
2220,60372.85561198257
2221,311613.56856582686
2222,276820.5146304068
2223,296664.4197064744
2224,211433.25423659608
2225,119559.45878972442
2226,192804.34434622142
2227,202718.36956543717
2228,258222.34997701534
2229,248175.04963830096
2230,154006.79786235106
2231,214506.52588399305
2232,181145.91339532845
2233,182455.52180574043
2234,236182.1582838532
2235,221526.69692856484
2236,262837.6978824487
2237,351889.14623695123
2238,202058.30717856993
2239,113658.86800736516
2240,157366.57804105192
2241,163968.93706090763
2242,124705.04986872504
2243,126652.67358909195
2244,100478.04502444883
2245,98428.95208757414
2246,138860.51406201284
2247,105514.09193749639
2248,126099.5057232865
2249,124075.46168303223
2250,134447.74959237565
2251,106576.09781330693
2252,172330.85882337295
2253,154645.59342437075
2254,177416.95617581822
2255,188920.41988093866
2256,181411.0063652906
2257,208673.394162836
2258,160766.08091297443
2259,178864.91422014465
2260,156703.0095177399
2261,183529.54142909352
2262,199551.91860943811
2263,377149.7360315649
2264,502919.03969568526
2265,170793.47026798333
2266,283012.7076987836
2267,378975.56280538585
2268,427482.77040334576
2269,149525.93423397912
2270,196227.43624489012
2271,213107.8293690162
2272,198721.95937461793
2273,165659.57641131277
2274,180036.4518067989
2275,166355.16061946817
2276,191831.28633245375
2277,183943.2536819084
2278,144784.2414807093
2279,124935.28745064097
2280,117321.99766020909
2281,174428.45384970427
2282,189870.54444336137
2283,101907.93550761964
2284,109872.33724882647
2285,139700.9892002317
2286,122369.62471763899
2287,349247.42159143195
2288,274576.885043381
2289,383935.30330207443
2290,467206.315749683
2291,325263.71552634425
2292,456458.02639309166
2293,489040.61975815165
2294,413127.6843168505
2295,494579.1632917193
2296,288484.36887380516
2297,316316.4354940926
2298,327177.3870315118
2299,388391.0709546498
2300,340215.3717218621
2301,294682.4136012341
2302,245606.51115802865
2303,227889.09888787678
2304,237122.1250855355
2305,187455.93203317438
2306,185657.91665917428
2307,193498.75417182728
2308,219456.26198364297
2309,271348.19911250786
2310,208298.6148801336
2311,196158.66745741226
2312,173976.3651936111
2313,172817.3112669466
2314,169209.12785369199
2315,174813.95013648993
2316,188379.93119780853
2317,181354.14397959306
2318,176993.35612791992
2319,176218.76263003214
2320,184703.56420817706
2321,232262.9775346982
2322,171688.76962414227
2323,186724.01872693573
2324,174573.99675272955
2325,209262.20716582413
2326,172694.94539460255
2327,209888.74002391752
2328,226593.60183051613
2329,187324.252687041
2330,178390.78856732458
2331,362195.06203516433
2332,381114.2364702894
2333,314019.658121527
2334,253767.84544448365
2335,267782.8873282826
2336,332083.95484540827
2337,201349.15065601107
2338,265840.37344723055
2339,216210.11432953324
2340,411988.9968700311
2341,213642.86898880012
2342,223608.06656593233
2343,224929.02962625123
2344,210363.1602545057
2345,231257.9837996981
2346,208215.38371310133
2347,198000.13816868165
2348,231487.94387080256
2349,181299.10483285988
2350,302020.80367670034
2351,261398.34129973233
2352,257450.99720332556
2353,255889.0045467516
2354,136498.6886569069
2355,144689.10469412562
2356,152232.81851034402
2357,193222.5890059261
2358,192215.88273068646
2359,129109.95143208816
2360,116033.83300012937
2361,143719.044970973
2362,273567.2963132481
2363,138475.22432752745
2364,155368.51121634728
2365,212968.15622065525
2366,192431.25734697777
2367,221641.17424129468
2368,217369.5312372021
2369,214308.2340514625
2370,168582.31575832563
2371,168515.16594848476
2372,194897.7968572016
2373,277718.6090423033
2374,312563.1254357392
2375,247525.64004272886
2376,281005.59197056515
2377,351144.1723527379
2378,141553.3924921039
2379,194824.91570585358
2380,145898.98801678378
2381,162966.46754325565
2382,200584.5883466974
2383,205244.87387231967
2384,244420.5490487577
2385,157986.99900570876
2386,135337.39942974114
2387,135801.97820607305
2388,99761.64693220887
2389,122232.92431292351
2390,146739.936500638
2391,146840.365188898
2392,116408.50196972
2393,163105.8711790956
2394,143597.42654161903
2395,207029.62147843326
2396,144334.6799236888
2397,210098.70909083544
2398,136402.2992589221
2399,56591.32092937409
2400,56967.035031278865
2401,113322.14829465571
2402,137233.6436191871
2403,137756.3882142654
2404,150616.8382935695
2405,158419.0989513172
2406,140735.12736935425
2407,123221.75957206252
2408,141300.90009576175
2409,123497.26415525642
2410,167067.4530937411
2411,119765.56959908518
2412,158625.70405688576
2413,130326.27760054273
2414,143746.66946067425
2415,131857.09163171472
2416,124628.16907128034
2417,132126.40602137137
2418,131095.76215878158
2419,123071.99705216764
2420,128587.75069805291
2421,152397.8547264576
2422,108081.88914764306
2423,116630.61414982367
2424,149682.72363796068
2425,205832.73238200802
2426,134029.79955832503
2427,132122.19434242253
2428,174638.39936360632
2429,117974.88855194053
2430,130433.28017749182
2431,110522.39598462675
2432,146338.79708945897
2433,146885.5797924835
2434,138223.07464407437
2435,155311.20235786343
2436,106996.0689012758
2437,108451.16310933334
2438,127567.98838137045
2439,109894.54245780448
2440,118530.09099951058
2441,91130.68535350496
2442,100235.31801155602
2443,123095.30461356671
2444,126123.15837613461
2445,85261.51121813394
2446,136886.16466043593
2447,184803.8590470312
2448,135985.1248988427
2449,109902.52737194957
2450,146731.53922686627
2451,128870.76714905235
2452,196270.63538407694
2453,88851.23686877397
2454,124488.88258641033
2455,120602.37857075104
2456,132004.23226518923
2457,132654.20162720873
2458,128269.91653677668
2459,114195.22999763055
2460,134168.7385361722
2461,120774.89027728811
2462,136869.03161192226
2463,122457.83091433992
2464,176990.39741882365
2465,143972.02103297273
2466,120043.93702460881
2467,133455.1627074103
2468,81507.42541343831
2469,78524.56442252378
2470,187244.39929490027
2471,207430.7267748526
2472,161457.5133368179
2473,117172.3560490371
2474,83191.2497043488
2475,213922.4295787779
2476,116982.93511846731
2477,130408.76019279864
2478,151953.06709817203
2479,104388.91611314932
2480,155046.67504379788
2481,121505.57807022614
2482,129022.52423026638
2483,113658.71500857624
2484,123239.0953047159
2485,127194.23038007633
2486,157352.8704192538
2487,186337.79781053425
2488,157087.12140279036
2489,149664.62269438786
2490,151359.4572131504
2491,91415.01973979786
2492,194686.0666151481
2493,152113.4661628384
2494,147948.57394805626
2495,91229.39310579197
2496,239783.15869667116
2497,146373.86161498458
2498,112166.94575587397
2499,91098.55389155124
2500,131962.68704788148
2501,137150.37483350307
2502,149136.9149745985
2503,100240.33324889824
2504,183003.37644902692
2505,221918.73197987527
2506,256056.20189586966
2507,281125.26449093776
2508,256331.6727880953
2509,220269.37761368288
2510,216188.52906035242
2511,176244.85682590507
2512,202862.70028941077
2513,222183.6112353628
2514,263347.32898104726
2515,151717.552003804
2516,172161.1799843277
2517,140137.5234223791
2518,151465.0582514907
2519,223955.6288469047
2520,216692.87037362118
2521,188797.85056996916
2522,220694.81680539058
2523,126331.17549861953
2524,138980.39306099067
2525,149810.15621270362
2526,136028.9700429646
2527,111378.699313972
2528,133413.7248662943
2529,128457.09699068904
2530,121147.19795281309
2531,252428.00631324263
2532,225937.96604593017
2533,197940.14577007905
2534,224666.40182971605
2535,304110.66450742586
2536,233754.68940055388
2537,221347.6729559634
2538,180909.2277537434
2539,186489.82807815692
2540,177402.18317483124
2541,179776.1908232387
2542,170920.37920367933
2543,126692.17228222033
2544,122345.71522280607
2545,135793.71435424872
2546,128240.6976067726
2547,138629.5273446759
2548,151488.2931725965
2549,161562.5077104172
2550,694080.0048564968
2551,139132.71419214873
2552,127661.13534553119
2553,76640.28323778496
2554,104626.6569463196
2555,117069.30465175868
2556,105577.61783508623
2557,110030.70088218323
2558,158212.73645298637
2559,140259.62322396308
2560,148414.83282070362
2561,139278.7584285154
2562,136675.22042814342
2563,150340.27517464734
2564,207054.0219200987
2565,134711.94791085197
2566,164171.76200375147
2567,137930.02587975777
2568,202675.87675430157
2569,209213.96542759406
2570,117133.5216087122
2571,190153.40801816795
2572,141735.43556328054
2573,217549.34374112458
2574,278686.99672537425
2575,129916.69620879569
2576,118199.86857779823
2577,149143.20566894254
2578,82892.47591856382
2579,63251.3811057
2580,95197.72217991173
2581,98139.9445030004
2582,95053.27878239728
2583,273750.245491783
2584,166767.70479532477
2585,189536.8780801574
2586,219671.43799158506
2587,191312.8852045489
2588,142678.63132438145
2589,150960.70788753324
2590,209595.4586978649
2591,214548.3563233847
2592,210257.52879681878
2593,242537.0592361341
2594,176049.55245436786
2595,197603.0387380243
2596,319335.0526892462
2597,191397.76601809153
2598,273838.7583276928
2599,309056.3948592142
2600,152055.59117316623
2601,152114.02984537493
2602,81367.7099887286
2603,93214.71990484529
2604,88869.23525994632
2605,76195.91148769498
2606,153150.5254766382
2607,200223.60644123147
2608,199695.44966321377
2609,168564.19541090893
2610,110153.60713314121
2611,122773.9917787397
2612,153426.68568710476
2613,132509.58595010103
2614,127298.21889967663
2615,153464.3892346465
2616,142531.4166342752
2617,184412.2948297832
2618,199473.40605487456
2619,193793.54538717994
2620,181888.12476161934
2621,177378.06584469986
2622,182461.24741295696
2623,244895.3800415514
2624,316921.417264004
2625,288693.71339275624
2626,171242.72554124624
2627,162712.08589037752
2628,493582.99138614204
2629,521355.4050827646
2630,351951.6418543693
2631,472615.12261712365
2632,449716.02107007825
2633,298392.16999378183
2634,428286.47499456303
2635,157968.59500382462
2636,179265.69508634615
2637,178470.20671623404
2638,252971.35066800963
2639,182108.744322981
2640,153071.6252437844
2641,104362.23458956867
2642,191460.87500076185
2643,98469.07304578114
2644,126679.45425130797
2645,104736.76250685868
2646,93660.72523814066
2647,102242.79009956855
2648,142556.10900326166
2649,148883.0190450744
2650,135282.83330992883
2651,141519.3292610108
2652,403113.500127965
2653,246688.1288648692
2654,250310.96888702642
2655,418864.7696729043
2656,312736.73979811964
2657,339485.3196834445
2658,290491.6097557092
2659,290696.545549736
2660,355815.1939482603
2661,341774.4377235135
2662,359523.4182157131
2663,275851.74111816485
2664,264456.4891488754
2665,320561.99181225663
2666,275252.3147398343
2667,165060.650490788
2668,175927.79786575958
2669,176868.24074463366
2670,272727.1159474029
2671,181311.16977381345
2672,192664.45253571487
2673,207455.70476880128
2674,199951.96042110596
2675,168932.75791638606
2676,188335.15043202654
2677,196495.01133343892
2678,246465.7916305368
2679,270045.0892548281
2680,279066.86700410815
2681,410737.2122606715
2682,321073.1099618644
2683,551793.0443184228
2684,316868.49401192844
2685,331955.86904373753
2686,260361.0435058537
2687,328704.90480890125
2688,202174.92487772705
2689,198928.23637502638
2690,472152.40643869794
2691,192396.01710973203
2692,134577.4687813639
2693,192224.52962148312
2694,134090.5388385713
2695,192301.85069050692
2696,184131.73494065343
2697,190681.21086107666
2698,188991.6928046441
2699,175798.31754279928
2700,160890.9827882221
2701,150602.19344555296
2702,110747.20673093447
2703,116733.09738072428
2704,139782.53732762393
2705,121412.10607450109
2706,115941.90198830634
2707,123781.69401178719
2708,134257.96760753664
2709,108768.90160771615
2710,129289.52533379452
2711,280275.4311027374
2712,395263.47738034395
2713,173007.29242903076
2714,148904.5743498318
2715,172527.4300328783
2716,142662.16846114397
2717,186234.25732055836
2718,223584.12300418955
2719,157940.45133449417
2720,167403.7842620326
2721,136138.64441708825
2722,160060.40847716623
2723,140060.2281193459
2724,129660.24299380036
2725,134605.86075524212
2726,151935.2219615563
2727,182964.11893324344
2728,174278.39859526732
2729,152142.72852930345
2730,146599.54611042322
2731,131700.5023496711
2732,131349.84283982316
2733,157835.9249513101
2734,151113.42617689155
2735,138790.8533653787
2736,147928.02834095634
2737,127135.6603287364
2738,133329.1526417401
2739,161846.50609678694
2740,135724.52868186808
2741,149447.76473573828
2742,151810.97113230778
2743,150575.66990184394
2744,157747.2435355847
2745,137924.46377546556
2746,136488.43369285495
2747,142456.08624411328
2748,125772.23353549167
2749,129998.63813701987
2750,132972.06538326194
2751,135863.07907608745
2752,195687.56946951814
2753,147456.01507281698
2754,228156.85032027046
2755,131472.37318024097
2756,92441.60883239575
2757,69161.59224380604
2758,80572.27175025622
2759,157060.34297777485
2760,127616.66816191103
2761,147458.5351446857
2762,142112.1991040802
2763,179487.1449031573
2764,142568.03850908665
2765,275020.70553236426
2766,132863.96451840416
2767,88160.24906764762
2768,129196.09589533132
2769,133809.5707903109
2770,134965.91658924322
2771,112846.7139926633
2772,114638.44853988734
2773,166124.0532830836
2774,137179.16746851092
2775,116328.92695410163
2776,135314.10430008883
2777,140302.40071072083
2778,97453.80936700336
2779,125199.76770771423
2780,96571.99713376259
2781,98523.82246306064
2782,93099.25277660572
2783,103107.90626262518
2784,121141.26549045826
2785,139318.17129621378
2786,64204.04188530834
2787,122521.47346513803
2788,72277.43686554293
2789,167613.61679683893
2790,95524.82358175638
2791,114165.37221109537
2792,52519.07893589311
2793,169932.24831982807
2794,96814.20650092317
2795,125460.11750282212
2796,101199.10800151598
2797,195102.2208581171
2798,108937.80801593025
2799,118991.90813009835
2800,64119.024696774664
2801,110144.01085948615
2802,137294.10302568797
2803,161537.34403250573
2804,127241.28294723807
2805,101132.41686780969
2806,81213.47826997403
2807,157361.646492799
2808,151983.34336570548
2809,137082.72131508816
2810,131705.96486520936
2811,163657.84605120652
2812,155891.24826101813
2813,155794.87077289462
2814,151300.40597656745
2815,103952.15160646016
2816,242315.14799194998
2817,161835.4747395029
2818,133708.0528495695
2819,163241.40003164567
2820,141545.29098846798
2821,113133.46579120454
2822,197142.30303508538
2823,334879.5233351183
2824,188641.13556327135
2825,149843.42246168162
2826,131888.80795066053
2827,135367.05078668494
2828,219281.78466267075
2829,211430.81166998582
2830,224690.97865102926
2831,177628.10612913748
2832,254023.48298583066
2833,292468.1075327307
2834,208377.48833658683
2835,215703.96166765675
2836,195004.50177031994
2837,153131.9323996766
2838,150910.04626544908
2839,177063.88768045368
2840,198240.96036193325
2841,203011.21460863104
2842,229402.7709088893
2843,148840.44565236854
2844,157640.7591074258
2845,122450.02650455186
2846,211218.67683359195
2847,203543.8435314424
2848,206887.2325347677
2849,198984.43076130925
2850,277748.1090575203
2851,217123.48620714212
2852,228997.80903036022
2853,239671.98231941654
2854,140823.65335919996
2855,200111.74749882118
2856,199390.38337793027
2857,184655.00774555566
2858,195673.64284329087
2859,121701.9335827607
2860,128458.11425355713
2861,122321.9192452745
2862,198022.8891345617
2863,125490.81271374578
2864,250766.7801090784
2865,139295.78697055898
2866,133518.57978261978
2867,96234.53522286276
2868,99529.033111311
2869,111225.13561497813
2870,123699.45608966786
2871,85130.90560501307
2872,48971.139057331595
2873,101568.59577740895
2874,136906.85037218197
2875,119587.38455494189
2876,161789.01118762314
2877,141030.33025570016
2878,166634.31190762453
2879,140957.53493224428
2880,102699.82162758683
2881,149019.15420566243
2882,181094.68000356632
2883,199478.18070113982
2884,195705.7346879345
2885,192728.12647438332
2886,233016.2784785178
2887,95522.33786827594
2888,134972.28437520636
2889,54372.375904417386
2890,80734.2772828254
2891,133455.70600196862
2892,43278.14931343442
2893,72551.05917089127
2894,48468.6205186866
2895,333980.4086044264
2896,279447.05716151505
2897,197066.7281288631
2898,143354.74587685787
2899,206030.95897496573
2900,162049.16232026348
2901,205366.26018070366
2902,187559.3671910172
2903,350253.7024317993
2904,353921.5089842854
2905,87632.44554205345
2906,201642.2403151035
2907,108943.44334521117
2908,132601.83118110185
2909,145270.723567965
2910,79280.78536610599
2911,78851.4223595348
2912,144630.84240178636
2913,79170.12584945661
2914,76859.00104632648
2915,81395.82821500865
2916,78534.7577273261
2917,168019.70911326708
2918,118845.70063030624
2919,217726.04865388185
