Id,SalePrice
1461,127309.17935097966
1462,156258.0392413571
1463,189253.54748877237
1464,192163.36766842188
1465,189764.67905509289
1466,172653.65909687994
1467,174148.23461878358
1468,165560.03033096972
1469,175435.28862842373
1470,126831.25670442653
1471,198324.49376269552
1472,93386.76477777371
1473,96519.29311655392
1474,147650.79138093008
1475,114298.67347223195
1476,379513.74830235454
1477,250409.1154893346
1478,283933.6343814741
1479,282848.54838620644
1480,536605.8272898229
1481,315353.99900533335
1482,203435.3987284757
1483,174906.02537039755
1484,170583.39223295377
1485,183221.70540956128
1486,193826.9973875309
1487,338197.2799213744
1488,228829.57563404943
1489,206940.4152784146
1490,233108.76609504074
1491,190887.1434339248
1492,97295.6878155444
1493,177664.66019993025
1494,291480.34602768405
1495,279949.4036909151
1496,242226.78188126703
1497,185213.40150849643
1498,167640.09987465222
1499,160683.3633655596
1500,156409.0852826115
1501,177998.49960925526
1502,147762.17622098193
1503,291481.5010227912
1504,237606.12201692592
1505,226175.50989722085
1506,182765.72768565302
1507,257081.52065178927
1508,197275.1150864176
1509,159674.60289934097
1510,145389.39584930212
1511,150264.40277362676
1512,171762.63827392022
1513,144907.30865748762
1514,159393.52163909393
1515,191550.72882415703
1516,147184.36677175437
1517,156522.37309247098
1518,131768.8004889034
1519,230362.85477453537
1520,134575.3919843622
1521,135755.25767337758
1522,169639.38159891375
1523,114288.99009637069
1524,120953.61698858059
1525,124520.46346793916
1526,117408.10097315744
1527,108356.70292333644
1528,130241.12668553548
1529,150984.8042110282
1530,171518.61537275382
1531,105188.27021597783
1532,94652.91246099907
1533,148086.42427320202
1534,121188.93417817018
1535,150667.07893846225
1536,109697.91087889805
1537,67813.43913990715
1538,148245.6273006461
1539,188318.0141624749
1540,95356.62368514024
1541,140344.9013627937
1542,136934.56764833853
1543,199329.69009212893
1544,79183.46244239781
1545,107167.78008405499
1546,132021.7630112198
1547,135239.402266025
1548,136758.1650964106
1549,115122.07091797503
1550,140095.38775696867
1551,107140.27553838344
1552,146319.38597909504
1553,147748.5501425994
1554,114742.00792881795
1555,167379.72942995658
1556,86486.85719461589
1557,107547.73058948835
1558,95551.50987060301
1559,67527.06130959824
1560,129980.65821911856
1561,140312.98909762804
1562,129685.65672249721
1563,122410.7833731063
1564,163497.8571269332
1565,151924.9026529946
1566,232824.98284222718
1567,76379.46623085655
1568,228072.366407051
1569,138022.06495974527
1570,135623.91170605953
1571,117445.3169393927
1572,145374.52536774072
1573,246943.2686298484
1574,118294.71364076159
1575,219136.3114427142
1576,243247.614233123
1577,198572.19703620503
1578,144575.15595056
1579,143532.0061421488
1580,192657.13169749203
1581,150613.99981648603
1582,124416.14457596876
1583,324776.4156723828
1584,229932.9883247477
1585,140687.3163637129
1586,73402.0487097521
1587,96288.90122153834
1588,149746.54458892648
1589,102224.1850162529
1590,132245.41303809127
1591,94684.50537559544
1592,120635.9469431854
1593,122187.44927715458
1594,130091.71691938057
1595,110959.00291033942
1596,236846.7567448631
1597,184304.7482499319
1598,202348.37684939028
1599,163532.40804163436
1600,166302.05539564817
1601,63933.10807739809
1602,117699.07695591229
1603,74145.06897789784
1604,261203.86321643143
1605,239186.30699432787
1606,165530.62470297032
1607,170872.8417466694
1608,217254.6313269637
1609,189749.31013432876
1610,153590.42555143702
1611,138154.46528054934
1612,171584.83762665087
1613,168517.147533088
1614,121822.94976374821
1615,87189.32084316591
1616,71923.46279025832
1617,88762.32065575365
1618,126596.15611797127
1619,143474.41565108066
1620,164702.95051810442
1621,137724.0353732696
1622,144483.87680467422
1623,266053.44081556716
1624,217230.49952865284
1625,120069.74880327053
1626,159534.72360133042
1627,191383.99098824227
1628,274294.0166724229
1629,177445.23405456875
1630,365250.9036392137
1631,210416.84524116485
1632,231920.01033094164
1633,172438.1933064284
1634,188808.0998279902
1635,178118.95608325367
1636,155594.69315159012
1637,196551.8511108825
1638,182650.49286194277
1639,184732.539918967
1640,258437.21644709556
1641,174473.20959124668
1642,233393.0077484156
1643,220433.28717899937
1644,228806.51814965295
1645,200731.56565611405
1646,158499.04877137273
1647,155826.9115554907
1648,134426.57882665106
1649,139081.74645603617
1650,116204.40392677378
1651,122295.36213472513
1652,94777.89024809306
1653,94183.59195062416
1654,144406.13386931462
1655,142327.91543752188
1656,144769.1324200307
1657,146970.91260219738
1658,145852.64988455336
1659,120957.4346849268
1660,158022.75583712646
1661,473192.24485271313
1662,393776.8666125069
1663,394956.2328209157
1664,513423.0986675205
1665,307866.6555569287
1666,333838.8206070548
1667,372507.6979542648
1668,339515.23621691216
1669,290174.3474804212
1670,352291.37253649463
1671,268410.6730228084
1672,475249.2916273954
1673,292213.84996292053
1674,240355.07019419371
1675,191638.09162450462
1676,193085.06721461617
1677,219828.84442928224
1678,489114.64036398183
1679,399176.6121435832
1680,345948.6321093836
1681,248871.3612647359
1682,304577.07374856924
1683,179517.0909072352
1684,171013.2864082729
1685,167223.7025010341
1686,169078.10796610257
1687,166601.52597873684
1688,191785.521004953
1689,193282.4754740343
1690,192048.3809882249
1691,184570.07963227908
1692,259668.97733636314
1693,170355.5602301574
1694,182602.09991542686
1695,166260.81494877528
1696,273507.745453696
1697,168921.16728381143
1698,360624.1354909432
1699,329218.51839005295
1700,249821.81803328745
1701,264488.8525006961
1702,255195.29696993093
1703,253601.407574035
1704,281631.46246997267
1705,225197.98866638768
1706,443738.921814536
1707,217514.0458520649
1708,212052.83088933356
1709,274736.84362313186
1710,221938.11253742792
1711,263041.6144839494
1712,270957.4972790858
1713,281513.81246366585
1714,223421.88155678372
1715,206420.3015952212
1716,179952.12224255264
1717,166563.95011908398
1718,136069.87446584593
1719,195192.30934689206
1720,238957.5137534497
1721,160415.87999587727
1722,126907.60546421818
1723,155315.73671186191
1724,215587.52580926288
1725,238686.17160657363
1726,186067.35915181175
1727,162867.06758250043
1728,175575.3313676595
1729,170781.27816467997
1730,155126.26686311624
1731,120256.6149178783
1732,130628.54104484557
1733,121813.56981925364
1734,124026.32571938171
1735,131662.81897015823
1736,116922.66621208395
1737,305985.0495723953
1738,226891.39795809094
1739,269546.3574840684
1740,242349.98638620603
1741,198095.40564010642
1742,174417.10920976964
1743,174935.02592985675
1744,304191.7156217211
1745,214921.0079603002
1746,177685.633995649
1747,217105.13558755376
1748,224350.27028152143
1749,152520.0152893729
1750,126499.47945826854
1751,233886.31816966122
1752,121052.26681934934
1753,148826.34869521752
1754,187501.637266185
1755,167605.37679735984
1756,127014.15171044414
1757,123616.36580523531
1758,146138.97316568816
1759,159541.60012937675
1760,164618.79168031033
1761,139730.26549747554
1762,184891.07965034136
1763,164831.84711891887
1764,114726.1643644555
1765,162712.83671716333
1766,180315.46967944351
1767,218369.49938654914
1768,148426.4198827988
1769,171341.72928917554
1770,148600.65866791265
1771,126895.6821776362
1772,134638.72730109422
1773,133410.06890392158
1774,138279.99835029925
1775,135138.91587852282
1776,123644.6350422574
1777,115739.30264861281
1778,139397.2795826459
1779,121627.18944120145
1780,170217.68579170568
1781,129647.5407328798
1782,88392.71926412336
1783,147194.08272121774
1784,107191.07329706136
1785,122967.08457933657
1786,140875.8505789544
1787,162553.2993214138
1788,55112.050058921915
1789,101926.65835677723
1790,80656.48472297374
1791,179552.29623851558
1792,154848.76518636057
1793,126784.54998799325
1794,146768.75327320275
1795,130326.39838985336
1796,120090.31297256147
1797,114853.40574988478
1798,125787.95951014708
1799,109901.56151331619
1800,134548.6253404584
1801,132665.55218132335
1802,123563.68937164125
1803,149814.1662084341
1804,144255.6598981039
1805,136805.0654956348
1806,116945.67603877466
1807,123832.23618399518
1808,121152.9796874973
1809,118529.52939840574
1810,146081.9251035686
1811,96932.92789040794
1812,95061.75360834027
1813,124289.89547809995
1814,99006.85312289113
1815,51688.418800314335
1816,99210.2730784756
1817,113860.77157997784
1818,148718.43709518848
1819,123384.79522284005
1820,48915.60734707043
1821,107490.41718758269
1822,145468.27792623706
1823,41732.75089144785
1824,131924.46895798377
1825,135877.3125162003
1826,102135.58752583958
1827,105045.8314632289
1828,135184.04819746234
1829,113404.36721283504
1830,139150.2368923074
1831,144695.98513226776
1832,83030.48271642937
1833,137944.04487409152
1834,119241.79709781149
1835,121505.00742582044
1836,124567.7127774472
1837,90557.50556679929
1838,128365.04133428834
1839,89806.88484960039
1840,159201.27556930692
1841,145886.08612577734
1842,82203.16242874172
1843,133656.47596853814
1844,133300.30472539115
1845,141330.0400533009
1846,153965.28906246452
1847,166906.84922779095
1848,55264.959284266595
1849,106441.57495578313
1850,115826.18593351796
1851,149282.6043336059
1852,124741.96264844378
1853,138825.59175337965
1854,169614.05014769192
1855,148099.11217381142
1856,217913.1139665377
1857,146978.1283886338
1858,138825.8590408034
1859,116764.18069792465
1860,153311.7907425526
1861,115728.11247036755
1862,310842.1125210433
1863,297660.08541856834
1864,297945.8680710001
1865,322107.71279039077
1866,335372.76919148926
1867,235684.55803266988
1868,306265.53850452794
1869,200585.7442588491
1870,228711.42330141886
1871,244872.8705145909
1872,171960.79446589088
1873,236373.69112855062
1874,144250.00268161466
1875,198822.82281399312
1876,195284.30146548536
1877,209762.35692660735
1878,208908.15322244997
1879,130523.48954883816
1880,135319.0068477331
1881,239777.70362660635
1882,246847.1020111915
1883,189366.6743628115
1884,204982.39244317645
1885,236007.59556558987
1886,288141.16053137474
1887,204008.58941444408
1888,275621.7068248648
1889,164192.6022513638
1890,122733.1040644759
1891,129652.50950163502
1892,103084.5789073506
1893,130786.1749275199
1894,126455.88965522431
1895,134706.71692199487
1896,125072.90125603936
1897,118590.20072076995
1898,112079.89726603686
1899,157620.67513614366
1900,145133.2872608895
1901,172677.44504020075
1902,141314.58803584002
1903,209834.99076832188
1904,146660.69641257738
1905,190660.66740342297
1906,169467.28987916769
1907,198955.34122610153
1908,110815.45739375878
1909,134856.01872053617
1910,118818.8504696158
1911,214090.80693334498
1912,313468.76910234045
1913,145559.07644658256
1914,53656.19544189928
1915,308008.39040840487
1916,67124.43846760767
1917,246826.90981187377
1918,139910.39691548073
1919,168349.52011033145
1920,150968.60825644486
1921,431976.71958914696
1922,320033.4828114092
1923,212845.52475597666
1924,234769.66064445965
1925,194765.51960030216
1926,408780.3018513023
1927,133259.94704422783
1928,157286.5336921747
1929,123112.07384879833
1930,127616.43990209312
1931,146160.92416894145
1932,139571.68255355017
1933,193117.70652135758
1934,182210.95548648213
1935,174790.15575254752
1936,185144.42695767147
1937,179632.56535301596
1938,175659.45792847808
1939,227961.49454276988
1940,187011.40600963385
1941,173705.56973577198
1942,183857.19453310937
1943,200575.47063953226
1944,361131.67650864366
1945,399901.3114990715
1946,143752.95916739234
1947,294761.9279889263
1948,174142.92831519674
1949,249934.15309439134
1950,183104.036712926
1951,252039.37703013283
1952,204537.7529054626
1953,166745.4564520755
1954,180645.53699683218
1955,135819.7561710246
1956,296160.7443533429
1957,154102.6261134161
1958,317568.823745996
1959,140467.0390266449
1960,115055.24396540313
1961,120872.38081714197
1962,94274.13571445868
1963,100813.08233266791
1964,110575.01340062589
1965,145130.58690709478
1966,140038.70628346447
1967,283652.4637176486
1968,450961.3502907551
1969,396936.74174666795
1970,451393.68247014395
1971,453014.66355558485
1972,385185.0095389771
1973,256373.2499530333
1974,319356.62612960744
1975,540076.8074292442
1976,268689.3474588322
1977,361149.66811643954
1978,355305.29683495534
1979,342623.52872640424
1980,198336.31419603643
1981,345410.3698532937
1982,215561.0283916922
1983,203029.66957881278
1984,165136.03345141196
1985,217342.96018709074
1986,212697.03328660128
1987,172554.6129565885
1988,177172.85122032018
1989,190457.90460890316
1990,218166.9083297136
1991,232907.6433128225
1992,212763.42167364954
1993,168397.48388047703
1994,226942.4185786137
1995,186902.2056749739
1996,249694.8987181383
1997,310359.60805925715
1998,342455.6690054312
1999,261819.1917072527
2000,327161.14135282923
2001,279328.24764927407
2002,238670.00647384918
2003,255178.69095045165
2004,279333.3503628267
2005,208797.33468067873
2006,223184.856215274
2007,250463.4771991348
2008,224559.04673989935
2009,195713.51948754527
2010,189546.063538282
2011,137604.42799243637
2012,177475.90735681896
2013,181195.3278007825
2014,184145.29015574715
2015,198378.1947815688
2016,196227.8718143844
2017,196049.22184877138
2018,123278.75481800885
2019,135450.63164233134
2020,105957.75323807762
2021,109646.89923726651
2022,176837.4587987952
2023,142195.12240594137
2024,261044.69615933896
2025,341221.1698928941
2026,178300.55080886738
2027,158763.6991910068
2028,150966.6247400448
2029,169630.29420489812
2030,263878.1893543984
2031,222471.12062281193
2032,238477.82793969638
2033,255522.46525378278
2034,169884.43196616374
2035,214067.01019283227
2036,194003.75449616986
2037,202084.9969825719
2038,298572.2385910973
2039,215924.0138567646
2040,270663.8830479353
2041,280142.98540136154
2042,205700.24196614142
2043,172455.19517609436
2044,169481.36386271205
2045,209393.14224979084
2046,143900.3137189002
2047,148451.9128806176
2048,141084.24479973956
2049,139655.05329400772
2050,176141.05715523928
2051,103831.95054053969
2052,128734.52315291045
2053,145842.5499690803
2054,80732.60312488882
2055,162066.17498393613
2056,143174.98664093588
2057,115054.05417973333
2058,224773.31567402135
2059,133550.9004657177
2060,171441.9840155425
2061,170924.8495766493
2062,130961.1313583816
2063,113064.68798180914
2064,143110.23945210662
2065,122268.46747156171
2066,163344.4228259391
2067,111998.43583621409
2068,140368.50548459834
2069,82978.36913170165
2070,113346.44513784756
2071,95410.00264583393
2072,131361.35795904126
2073,138158.03426940815
2074,183843.73533884843
2075,138907.9682784812
2076,120203.00784790769
2077,156718.7340994703
2078,131610.40496752918
2079,130145.15597137436
2080,116628.18248919108
2081,124885.63355094384
2082,125338.33183341309
2083,141148.50669561757
2084,110134.15674733372
2085,122770.23577253867
2086,110773.0068140964
2087,120338.39457250651
2088,95036.0352891885
2089,74644.87276222972
2090,125061.24076828502
2091,118704.95381932659
2092,129078.81189669477
2093,111308.40420552799
2094,107952.95333035197
2095,146706.77169773582
2096,79075.60713163405
2097,92020.51425653597
2098,142334.63923026624
2099,55779.56539754955
2100,81448.34539905447
2101,120222.97846415058
2102,122566.97995695838
2103,104038.29109938112
2104,132809.69274923863
2105,121689.12500263368
2106,67553.3786491557
2107,211718.82902395597
2108,112010.42644829687
2109,110686.53255653782
2110,135319.64485041422
2111,135611.78335855625
2112,140058.2572550041
2113,123041.50072840229
2114,110602.36357873594
2115,160518.68954089066
2116,121368.94507444168
2117,150774.19592804858
2118,127640.14682244735
2119,111098.00896483059
2120,109473.9631107804
2121,86391.23386542659
2122,115808.03062319309
2123,85566.57612334393
2124,157755.6223857134
2125,127748.26395595886
2126,152159.73137215522
2127,149075.25396468624
2128,123760.85809774305
2129,93961.8380382793
2130,140967.95337636513
2131,140588.71865313308
2132,116388.43202206446
2133,124308.24072768496
2134,120642.13857137765
2135,96540.61409682668
2136,76822.3624813447
2137,116592.74356811904
2138,131339.90123501685
2139,151992.79104874114
2140,140454.45319588878
2141,143741.2590807305
2142,129614.30623292355
2143,145371.39534345077
2144,116540.33238046188
2145,138465.7216261063
2146,159525.22363611253
2147,147432.32301797706
2148,132739.98402139373
2149,148929.28202831192
2150,218539.991885081
2151,107750.91075614744
2152,179657.0501079125
2153,161489.97250797474
2154,110214.08114787117
2155,138524.98159395953
2156,268040.24173605116
2157,230516.19512845838
2158,235209.46231504137
2159,204712.91959048886
2160,173813.71396344533
2161,238035.04147800963
2162,396368.6310340358
2163,370196.1678097755
2164,242455.2941150386
2165,203289.21067567624
2166,149632.94121182273
2167,213534.56802451075
2168,198714.96877959752
2169,196857.84331298812
2170,218754.57015302227
2171,155263.450604398
2172,130499.46570533303
2173,161594.9381759058
2174,230053.49077470248
2175,291376.4308174446
2176,320972.9406259331
2177,242570.3932240684
2178,208936.78397924692
2179,141211.9790151679
2180,218248.14900159338
2181,192192.02434272226
2182,222178.89061290506
2183,191411.1363741879
2184,123882.90280087173
2185,120959.958548751
2186,144877.47028832522
2187,150444.36115847778
2188,156071.85936647758
2189,272399.6099440842
2190,82257.70229972864
2191,81555.37739847689
2192,91469.80701857887
2193,103661.27333551024
2194,101136.5640735018
2195,110524.5657749972
2196,101218.42022893479
2197,120801.36807460635
2198,156295.8433202978
2199,182171.1149497571
2200,148436.3059978169
2201,137911.3688864176
2202,206041.4823850426
2203,141730.47810109894
2204,184072.3983634896
2205,117296.45278324521
2206,141563.40956732718
2207,224512.9967263431
2208,249252.37098977267
2209,237931.80596501837
2210,120376.06491878304
2211,113957.21918736774
2212,118390.15290966348
2213,108267.79189477993
2214,139989.5342103835
2215,101275.0128314813
2216,145915.76669449342
2217,71508.90372234595
2218,64633.975420099625
2219,58358.49474899625
2220,60892.91354066873
2221,310935.49871992896
2222,277239.00073178427
2223,296622.6995877417
2224,211317.15600479578
2225,119374.00159326091
2226,193172.23621900767
2227,202287.2017796054
2228,257776.4460089011
2229,246979.11415374716
2230,154223.13207291655
2231,214549.7956034348
2232,181228.69158919988
2233,182661.89968502813
2234,235708.07911338034
2235,221249.44765383904
2236,262507.16021956
2237,352108.10219748586
2238,202129.347334133
2239,113831.92816658555
2240,157042.02304661358
2241,163765.81292857358
2242,124575.58615670388
2243,126570.8053315221
2244,100211.29488209875
2245,98473.64506666639
2246,138974.2242783215
2247,105491.3586249961
2248,126049.85081498159
2249,123983.50200480394
2250,134299.91422448147
2251,106848.44127490745
2252,172436.830235267
2253,154977.31575509158
2254,177622.9696316504
2255,188810.90650639546
2256,181449.18924675527
2257,208754.12850949643
2258,160690.46604329936
2259,179107.54494140577
2260,156692.65688448912
2261,183153.24864238917
2262,199320.23055776025
2263,377791.65863495454
2264,503621.4850568918
2265,170623.18793282818
2266,282227.8528823439
2267,378367.81643464626
2268,427420.2773814877
2269,149738.89522072749
2270,196057.96229017014
2271,212953.27928442127
2272,198791.34026401158
2273,165531.4539838176
2274,180055.40152511036
2275,166628.4770613503
2276,191873.3173724502
2277,183963.10642907443
2278,144473.16660662924
2279,125007.21971847874
2280,117385.70811724439
2281,174710.11766746995
2282,189686.31138371606
2283,101807.67934474422
2284,109660.49149633234
2285,139551.91625409567
2286,122342.86868630353
2287,349143.0862330805
2288,274738.06069575646
2289,383286.60848396475
2290,466638.48426888936
2291,324937.12453317846
2292,456885.8060675602
2293,489487.87656647095
2294,412250.1846729544
2295,495664.02320838993
2296,287481.8515756363
2297,315958.26466671505
2298,328183.9408416281
2299,387024.3570617382
2300,340344.47002738994
2301,294535.14433498285
2302,245736.43389133853
2303,227536.3216388673
2304,237204.99288057667
2305,187597.29970159163
2306,185803.2657170915
2307,193834.12017783322
2308,219153.99968430778
2309,271237.7480827007
2310,208061.00082043232
2311,196512.57366807858
2312,173834.6363743696
2313,172605.24536680785
2314,169253.48234003363
2315,174671.3982239122
2316,188659.93071302454
2317,181469.59946600406
2318,177143.49800554838
2319,176093.02832513076
2320,184335.20045736374
2321,232143.53830659806
2322,171588.9550279224
2323,186802.9432443923
2324,174849.10467601643
2325,209115.71709204136
2326,172835.09053312964
2327,209836.69538633424
2328,226357.7965626712
2329,187245.11317017875
2330,178314.91052442646
2331,362235.9033455615
2332,381016.1464872348
2333,314299.8313424137
2334,254444.18211329007
2335,267557.85221891967
2336,331953.1725258243
2337,200763.662244935
2338,265204.5007316329
2339,216676.3965616127
2340,412105.94795137964
2341,213236.91900716934
2342,223302.8913979271
2343,224980.31075134745
2344,210649.27384379457
2345,231320.12257755946
2346,207910.9201405514
2347,198224.21640521483
2348,231423.43414451813
2349,181543.9674642337
2350,301723.132324908
2351,261472.05805836557
2352,257716.46874300443
2353,257004.189391694
2354,136823.33387811124
2355,144808.6436970391
2356,152197.43946546665
2357,193383.52013138193
2358,192482.98819314313
2359,128975.20370571032
2360,116025.62333908162
2361,143674.2290192209
2362,273381.4002363825
2363,138335.8665834911
2364,155345.28221135476
2365,212691.5210020518
2366,192262.78315251452
2367,221399.12334158656
2368,217114.1808756407
2369,213917.24123811343
2370,168648.9229801199
2371,168554.65377384896
2372,194939.84403131323
2373,277649.54771863425
2374,311916.6440990653
2375,247807.3220892849
2376,281464.959622147
2377,350613.94823083316
2378,141463.36859726574
2379,194752.96601255384
2380,145743.9450276902
2381,162739.67898889066
2382,200494.1381113472
2383,205423.7079201904
2384,244316.6832303929
2385,157959.17050374404
2386,135396.1813570289
2387,135735.45249115556
2388,99931.40958684993
2389,122319.94433218686
2390,146744.73329876398
2391,146812.83228275552
2392,116456.88883998692
2393,162683.61607748756
2394,143668.98098712816
2395,207024.23689263966
2396,144584.96179281868
2397,209951.4376146497
2398,136361.9704158584
2399,56427.58194437402
2400,56886.626217579156
2401,113443.2125865523
2402,137125.04168604763
2403,137319.65365382427
2404,150597.48300605564
2405,158371.2342672839
2406,140676.36162613146
2407,123156.8444429904
2408,141026.40653341648
2409,123668.17660229537
2410,166822.58680527884
2411,119706.8498927648
2412,159030.75821510772
2413,130317.40893039216
2414,143552.1329167838
2415,131747.73840386586
2416,124545.13610320573
2417,132047.6307633999
2418,131048.74656763015
2419,122960.80962589207
2420,128603.82106424928
2421,152102.4072534928
2422,108043.94056645213
2423,116551.47719740625
2424,149610.7868144384
2425,206945.27129120094
2426,134297.83552194617
2427,132123.69126299347
2428,174695.0241343645
2429,118125.62366891671
2430,130377.96759499118
2431,110571.99104834803
2432,146244.65888480196
2433,146998.36327411683
2434,138268.54432823393
2435,155515.12146952597
2436,106901.05121459508
2437,108537.48304803205
2438,127575.00070878355
2439,109931.38075984712
2440,118593.59499466523
2441,90924.68203334187
2442,100498.89355571417
2443,123063.08585787952
2444,126226.79615987572
2445,85416.05309669231
2446,137426.92071604636
2447,184796.69646170666
2448,136250.65133336908
2449,109837.16108806107
2450,146688.22523710597
2451,128961.58277109484
2452,196259.77590640978
2453,88877.97188632387
2454,124919.95618680726
2455,120911.71388148188
2456,131833.5226677999
2457,132933.42416824403
2458,128453.47892662488
2459,114185.03675225597
2460,134305.12948126235
2461,120825.38514236796
2462,136961.45111091624
2463,122481.31099669298
2464,177154.67438373313
2465,144004.81231435522
2466,119956.38891111717
2467,133462.1980599034
2468,81451.58028298162
2469,78600.27851271792
2470,186865.51654835412
2471,207458.5561181105
2472,161008.7210934962
2473,116995.10308886688
2474,83306.87994001985
2475,213527.1471184916
2476,116703.21378142634
2477,130299.99745522546
2478,152031.27538456986
2479,104474.23387906465
2480,154957.9081601477
2481,121559.66099870508
2482,129148.21659894072
2483,113916.37337462057
2484,123346.36255171326
2485,127179.26643094758
2486,157439.96531929256
2487,186162.53556278688
2488,156796.28008040885
2489,150048.9130819369
2490,151310.8517583927
2491,91533.259990215
2492,195049.94433554407
2493,152475.25172103746
2494,147820.47506906057
2495,91411.73178820866
2496,239724.53148103046
2497,146054.05649882957
2498,112066.89681161426
2499,91107.22465364172
2500,131963.83725348773
2501,136999.43521733023
2502,149048.67736447143
2503,100240.12075241924
2504,183079.2106951059
2505,221695.25703601952
2506,255530.85684939806
2507,281310.496374856
2508,255985.8603583334
2509,220483.2828628123
2510,215953.48502172565
2511,176366.03962260927
2512,203001.11653763466
2513,222352.75681115992
2514,263156.4744795894
2515,151445.34356419276
2516,172479.8215336029
2517,139909.22594525438
2518,151492.00864583615
2519,223843.6429649358
2520,216545.4439360151
2521,188732.8087267937
2522,220648.58576638214
2523,126354.01712351333
2524,139017.6573709707
2525,149890.7983372385
2526,135834.16004626954
2527,111304.08513860445
2528,133476.55947139388
2529,128554.5464587228
2530,121206.50735062563
2531,252529.18348156897
2532,225659.89913119402
2533,197934.69784854667
2534,224356.76146565573
2535,303711.62908492016
2536,233395.16671021184
2537,220817.27580353752
2538,180745.0208141275
2539,186456.30433657282
2540,177523.38867145288
2541,179415.12647550704
2542,171015.683313097
2543,126600.79250585266
2544,122211.54397792576
2545,135725.10584303705
2546,128085.53402123589
2547,138451.16165965097
2548,151652.18591664234
2549,161788.68498621852
2550,696238.5593166118
2551,139170.092447314
2552,127580.48800432205
2553,76336.08882939341
2554,104851.27584002688
2555,117224.93535814395
2556,105625.93924908324
2557,110111.0967433127
2558,158569.43493013916
2559,140273.06689744102
2560,148848.06425162312
2561,139032.21370426656
2562,136836.34766059677
2563,150292.33840923558
2564,207242.16212789473
2565,135008.00430062905
2566,164502.7905713477
2567,137911.95455320066
2568,203581.97664886323
2569,209120.60970327436
2570,117126.44694880543
2571,190576.80629120008
2572,141012.5468926675
2573,217357.150831788
2574,278395.0205119415
2575,129531.85673447228
2576,118091.01081214809
2577,149262.10520357275
2578,82986.57442672257
2579,63290.927849407686
2580,95465.17812283762
2581,97979.21502366388
2582,95064.34770315861
2583,273084.7187026894
2584,166607.0393589074
2585,190202.50211516948
2586,220136.17030103388
2587,190729.77991980262
2588,142648.26522433385
2589,150714.7996000358
2590,209466.09434289296
2591,214342.35188191428
2592,210073.1244614779
2593,241860.67677352903
2594,175956.0129196077
2595,197107.97831643003
2596,319866.172727842
2597,191614.88293534852
2598,273457.81906443834
2599,310026.41321376915
2600,151473.03899177516
2601,151974.51291040378
2602,81206.63464531349
2603,93053.5161174776
2604,88766.3086453268
2605,76255.90347713303
2606,153344.2606094565
2607,200516.44846315312
2608,199922.0683873071
2609,168716.61909636343
2610,110226.29926838283
2611,123039.24294921967
2612,153456.92713418973
2613,132356.6334270319
2614,127114.31987272867
2615,153262.21334644622
2616,142495.82097873866
2617,184149.71143928572
2618,200249.56259034568
2619,194387.08042898224
2620,181819.0120629939
2621,177534.02193131135
2622,182686.31782693442
2623,244548.27946782456
2624,316428.3772458505
2625,287568.08257200674
2626,171220.04367182284
2627,162424.8280742527
2628,494262.32485815295
2629,521732.90859874646
2630,351654.66298259003
2631,473073.63805882545
2632,449602.5178831612
2633,298008.6325894574
2634,428812.702037414
2635,157864.07496806112
2636,179276.8041434689
2637,178019.23463671358
2638,253122.09879631805
2639,182399.2535016718
2640,153075.00056301782
2641,104210.5574726605
2642,191385.95192389737
2643,98343.87268512008
2644,126822.46996294703
2645,104735.53014560742
2646,93525.93231775725
2647,102305.14985482382
2648,142432.13541697408
2649,149096.5000773878
2650,135175.80967030796
2651,141568.35218493472
2652,402388.7795849238
2653,246619.12195062835
2654,250545.06805622074
2655,418424.40399870457
2656,312722.29189797497
2657,338544.091269671
2658,289695.32492922526
2659,290599.0274189465
2660,355527.80321831873
2661,342352.58738012996
2662,359917.2839198064
2663,275650.45678110054
2664,264337.7917997504
2665,320115.36377858405
2666,274632.875008283
2667,164996.44932661782
2668,175724.49625927952
2669,177078.17633075934
2670,272765.8364048954
2671,181128.205669876
2672,192729.6117451929
2673,207482.55315245906
2674,199681.04091022947
2675,169048.47397005034
2676,188014.08357824013
2677,196708.1606427419
2678,246038.09711653963
2679,269918.8803753918
2680,279505.0346582703
2681,410555.63423745387
2682,321482.659285854
2683,552125.4900352245
2684,316975.8150657306
2685,332514.1209894096
2686,260025.48435245783
2687,328513.272486509
2688,201779.0209620714
2689,198770.58118031686
2690,471840.6444339824
2691,192814.8432455768
2692,134966.62443281495
2693,192427.4471644818
2694,134455.6824511537
2695,192267.34100804589
2696,183931.65054906905
2697,191023.266744621
2698,189205.88912615518
2699,176164.58085137996
2700,160922.4393969315
2701,151037.43278511474
2702,110625.69829437173
2703,116713.68930664538
2704,139773.74572782576
2705,121470.77078455886
2706,115855.50292250299
2707,123739.25701269388
2708,134454.72833696252
2709,108948.44932754047
2710,129406.14567197101
2711,279792.7328942941
2712,395703.8536451781
2713,172966.25873366772
2714,148834.8886627996
2715,172587.64490319585
2716,142894.03598700117
2717,186207.3119702167
2718,223510.08739393487
2719,158054.51099243603
2720,167013.71267882353
2721,136057.67385542195
2722,159872.0670018521
2723,140003.02721746868
2724,129619.28121688115
2725,134581.2851402607
2726,152082.73783359907
2727,183347.468526666
2728,174048.50137182634
2729,152265.65476232677
2730,146615.77321507118
2731,131648.02747031883
2732,131274.68531788647
2733,157795.5682167955
2734,151228.40036597935
2735,138803.7711723309
2736,147850.54945131834
2737,127040.79465690843
2738,133268.59467187393
2739,161716.93445038592
2740,135575.96388095408
2741,149693.49934281432
2742,151780.70839488914
2743,150614.662839005
2744,157924.29111524508
2745,137979.716097136
2746,136359.62180143996
2747,142175.0219648143
2748,125872.30168004871
2749,129944.84317400215
2750,132982.9562300513
2751,135838.22428145958
2752,195400.56069073107
2753,147545.6836000529
2754,228176.7246237528
2755,131196.14227102874
2756,92803.4627570031
2757,69330.96908106995
2758,80629.70491373746
2759,157174.17254577676
2760,127600.63001571188
2761,147517.59073273846
2762,141892.82259285558
2763,179339.22005195785
2764,142812.1580578625
2765,274091.3577608153
2766,132698.9269332814
2767,88022.58373150512
2768,129083.33764689526
2769,133659.05099533484
2770,134657.7419038004
2771,112872.48105459893
2772,114469.39800689789
2773,166299.83292264774
2774,137112.68515839634
2775,116552.51388326328
2776,135289.9416500957
2777,140086.5989024109
2778,97393.40032191707
2779,125341.32285590378
2780,96646.08901063856
2781,98550.52500228646
2782,93287.78559235424
2783,103127.45929845212
2784,120900.74985510888
2785,139349.99937669176
2786,64011.581916149364
2787,122446.52641197556
2788,72426.85087923854
2789,167370.94909851885
2790,95667.60012530493
2791,114090.88641964116
2792,52316.59146822142
2793,170915.32992135332
2794,96613.40192286918
2795,125483.98441409689
2796,101317.95359898836
2797,195290.7781116261
2798,108861.76620465565
2799,118437.9608588559
2800,64054.11193306502
2801,110091.937776562
2802,137208.3239916063
2803,161056.9224797177
2804,127206.00302971792
2805,101374.83400067005
2806,81054.93513208743
2807,157301.55679993733
2808,152043.25559575972
2809,136852.30414461417
2810,131751.17009522548
2811,163853.03252629933
2812,155816.41549503873
2813,155301.75746696343
2814,150966.3010877457
2815,104287.44587065901
2816,242161.61009709997
2817,162017.75284446467
2818,133828.11851347866
2819,163263.21295475302
2820,141509.2848265232
2821,113277.83635687412
2822,196057.7965978804
2823,335101.8039762812
2824,188693.56876765762
2825,150130.70375681098
2826,131970.84876657673
2827,135211.44982556452
2828,219531.6683386454
2829,211917.59676238857
2830,224920.7155905315
2831,177775.2125501288
2832,253517.7503068561
2833,292310.08695832535
2834,208290.6289658435
2835,215655.87398343804
2836,194973.75370938302
2837,153732.6339304209
2838,150953.32957192592
2839,176807.19634818088
2840,198024.14421188965
2841,202819.0276915065
2842,229345.14511341925
2843,148948.97662803147
2844,157665.49658684316
2845,122314.72656019045
2846,211245.98340492594
2847,203803.42945213028
2848,206299.11730907674
2849,199095.26317564072
2850,277882.5765811757
2851,216637.25077115305
2852,229253.40912404176
2853,239391.24418052548
2854,140807.14862961916
2855,200322.30650113433
2856,199380.95133007874
2857,184609.48460338687
2858,195469.9870644094
2859,121589.11116604997
2860,128536.15879950381
2861,122245.63629058408
2862,198075.3021809703
2863,125621.96717730314
2864,250635.91704054593
2865,139397.32947790966
2866,133434.67696541743
2867,96207.21461500604
2868,99613.43559823876
2869,111059.97116709183
2870,123859.68378166153
2871,85193.95844001407
2872,48817.85625945806
2873,101539.07039249809
2874,136726.77516042674
2875,119235.50578272587
2876,161229.18001695955
2877,140922.29556383094
2878,166495.27910965332
2879,140761.31616501306
2880,102379.91322514159
2881,149046.29347148258
2882,180945.0210735522
2883,198884.57801468903
2884,195239.55652691022
2885,192951.68367914355
2886,233021.8648037884
2887,95784.41298674907
2888,134620.2461540684
2889,54279.937722786024
2890,80795.1345497735
2891,133421.48026173544
2892,43617.63135196784
2893,72607.28247249828
2894,48541.09823887402
2895,334512.80602111307
2896,278947.9467749008
2897,197207.86496810254
2898,143089.99555969308
2899,205572.1057590977
2900,161983.57955403376
2901,205824.5752667193
2902,188353.46274417234
2903,350035.6675227069
2904,353987.78852153814
2905,87865.51452004793
2906,201655.60856049607
2907,109068.20506287164
2908,132336.8818969558
2909,144993.06197944307
2910,79205.8367644603
2911,78734.61049776826
2912,144919.8891730776
2913,79099.05304821288
2914,76845.06557993813
2915,81220.39267505737
2916,78511.08178928387
2917,168040.00284313376
2918,119034.91678456056
2919,217872.73298543046
