Id,SalePrice
1461,127253.93100104964
1462,156212.89946618618
1463,189339.51572457753
1464,192223.56943268416
1465,189907.5590322424
1466,172817.58815067494
1467,174221.20031700027
1468,165543.80565594972
1469,175101.19149920403
1470,126786.53452706414
1471,198151.37752476308
1472,93229.55573288255
1473,96515.79996304885
1474,147540.29545278224
1475,114184.32118676639
1476,379156.3391409156
1477,250282.02106000137
1478,284284.6205426508
1479,284437.2962620069
1480,537542.6319176673
1481,314539.1060771429
1482,203252.54244345613
1483,175260.73142364025
1484,170675.4049036112
1485,183349.8860972978
1486,193569.0270558367
1487,338016.80772825825
1488,228693.65469719583
1489,207202.66145901565
1490,233494.8721554008
1491,190766.40953858016
1492,97347.20471866365
1493,177360.2673459074
1494,291685.8841368044
1495,279809.06199026614
1496,242157.72444867896
1497,185378.18214079973
1498,167542.97614918096
1499,160782.14824881387
1500,156589.95772467303
1501,178225.6371371485
1502,148075.20024792707
1503,291023.02564941917
1504,237110.42872349208
1505,226368.0022336295
1506,182463.48111409254
1507,257631.27770727422
1508,196984.94501446528
1509,159364.56393232962
1510,145388.67300818083
1511,150155.73957888584
1512,171609.15066178952
1513,144913.88594998672
1514,159130.25197938638
1515,191242.9072781147
1516,146999.6574786654
1517,156300.71224193322
1518,131587.93941891435
1519,230431.41806200222
1520,134743.70765065597
1521,135780.18735094028
1522,169683.6016573183
1523,114128.85183316503
1524,120810.24922883636
1525,124569.33334734553
1526,117524.4834645437
1527,108395.43002946762
1528,129994.39382602015
1529,150932.15741360167
1530,171663.18192839698
1531,105530.0668608691
1532,94599.51028187401
1533,148395.3103261986
1534,121190.73304803947
1535,150815.96711040597
1536,109898.29206890863
1537,67768.02365994516
1538,148019.1941502458
1539,187859.9431874731
1540,95577.63879769489
1541,140101.8203775468
1542,137015.83754732698
1543,199280.09290004885
1544,79118.41693047088
1545,107317.55790255891
1546,132010.42242273552
1547,135415.68825377678
1548,136830.61801624353
1549,115118.21800363396
1550,139987.0569159486
1551,106932.40208353585
1552,146804.84993295895
1553,147556.98508582078
1554,114864.9811514121
1555,167333.69587361423
1556,86503.01119624024
1557,107314.76184811251
1558,95713.38432006573
1559,67709.21510291776
1560,129774.08162985918
1561,140607.2159974586
1562,129552.16066249702
1563,122455.99083502461
1564,163527.3642208213
1565,152175.1189139228
1566,231967.87949613627
1567,76373.5440364088
1568,228272.48019059037
1569,138013.56401936995
1570,135687.2946292602
1571,117428.80888595646
1572,145160.75876454363
1573,247354.96415698045
1574,118907.48643429815
1575,219364.4084654081
1576,243245.34114263178
1577,198660.55207004113
1578,144640.30687783213
1579,143887.88046480232
1580,192407.6143187415
1581,150247.4172140922
1582,124265.60440059155
1583,324781.55139005306
1584,229727.99753544398
1585,140653.74325799596
1586,73309.01187093975
1587,96207.99196169287
1588,149460.99169126054
1589,102106.42618928883
1590,132127.0608443835
1591,94509.83039684335
1592,120465.23137885936
1593,122108.62087730848
1594,130117.20869710419
1595,110948.8795133101
1596,236584.23936949618
1597,184285.31760037347
1598,202032.0176064896
1599,163054.5895312154
1600,166014.8874774802
1601,63758.023581810456
1602,117660.4566157096
1603,74280.72457453341
1604,261000.1564595694
1605,238920.21898945843
1606,165571.9366237182
1607,170597.80505223508
1608,217550.52714719326
1609,189611.7446751737
1610,153788.9163274325
1611,138268.80822469573
1612,171686.04282542953
1613,168594.91895286215
1614,121552.20901026594
1615,86948.1903007135
1616,71774.49724179463
1617,88580.08714232534
1618,126466.44014871922
1619,143498.68780696142
1620,164790.14871359404
1621,137816.12160528888
1622,144459.15399831167
1623,266050.9416104291
1624,217439.0410686459
1625,120102.83465528986
1626,159675.34029830043
1627,191377.49118159886
1628,274489.2829302745
1629,177297.72314998438
1630,364679.57588576473
1631,209829.17012446234
1632,231687.6299304732
1633,172449.4822256376
1634,188395.29752775736
1635,178303.99898428965
1636,155793.56632313228
1637,196912.26821032056
1638,182491.75072261726
1639,184933.34187746464
1640,257891.82788974527
1641,174675.6668053536
1642,233721.9971411596
1643,220212.43548196362
1644,228317.38551748532
1645,200673.62642842578
1646,158615.8948889708
1647,155953.8234857936
1648,134470.99963569758
1649,139128.61897075304
1650,116355.44728761478
1651,122213.34084747336
1652,94676.16909951935
1653,94078.09307767767
1654,144353.88282872998
1655,141900.02770091628
1656,144693.62457949718
1657,146915.2364376222
1658,145798.00127139647
1659,120927.58682760016
1660,157884.66613129622
1661,473737.7991725498
1662,393558.2951428646
1663,394842.1607233026
1664,514439.3813848434
1665,307499.6543913522
1666,334350.456230773
1667,373335.48218314094
1668,340074.697844013
1669,289848.38792545133
1670,351954.2841908871
1671,268694.7054708662
1672,474284.44527042366
1673,292237.050741522
1674,240115.1165027076
1675,192033.3021311657
1676,193370.27430360662
1677,219380.48621887382
1678,489296.0544078377
1679,399317.04091276776
1680,345573.8491350538
1681,248620.34912293134
1682,304747.99196275277
1683,179949.75811489485
1684,170847.6232722567
1685,167105.5696439651
1686,168982.97393689564
1687,166573.08642811092
1688,191690.91089816397
1689,192842.24046325104
1690,191707.4676324731
1691,184481.77672654903
1692,259314.2737086034
1693,170525.41693186507
1694,182633.43992054666
1695,166298.0001125271
1696,273474.0135441386
1697,168850.3639424765
1698,359959.632892082
1699,330266.2713777353
1700,250074.70458923656
1701,264763.3319203886
1702,255736.14965528314
1703,253791.3239632518
1704,281989.11213300645
1705,224793.0520309511
1706,444479.35931021714
1707,217384.21821203385
1708,212515.29369839313
1709,273876.07240871276
1710,221720.5843034942
1711,263275.43181316
1712,271482.2532231277
1713,282303.1824387491
1714,223572.78660101828
1715,206531.2162738977
1716,179516.2314205921
1717,166236.43148919713
1718,136311.48408170993
1719,195231.96760381293
1720,238788.95446798182
1721,160062.2388906721
1722,127150.86076523377
1723,155645.91768235207
1724,215669.57145858524
1725,238730.6939088289
1726,186331.65740595903
1727,163208.3994187505
1728,175664.8480613316
1729,171075.24808938926
1730,154989.0920073567
1731,120342.91972228032
1732,130533.0183069774
1733,122014.6685563432
1734,124304.05713237327
1735,131701.7711622231
1736,117034.70487008995
1737,305028.4811266735
1738,226703.01064706172
1739,269279.456679359
1740,242684.3068423636
1741,198039.87127734616
1742,174593.87845019964
1743,175048.60032663224
1744,303928.16684916546
1745,214741.18710032164
1746,177132.8179529275
1747,216954.81826345046
1748,224614.5713953801
1749,152491.42374754243
1750,126467.65181912703
1751,233558.86321749416
1752,121193.31350064217
1753,148802.53375826878
1754,187234.39428073392
1755,167519.14338779627
1756,126929.57130806515
1757,123537.60259266285
1758,146157.09820207662
1759,159568.69098683223
1760,164759.37529363605
1761,139746.89188345594
1762,185365.07473697286
1763,164652.23128812737
1764,114763.29078111304
1765,163020.7413487464
1766,180526.40752485022
1767,218855.53645210623
1768,148275.20517576658
1769,171004.11982992024
1770,148677.9777580314
1771,127186.7883822888
1772,134528.52478688667
1773,133518.41115821956
1774,138489.90420344565
1775,135009.83258189948
1776,123311.58190911508
1777,115913.43643154945
1778,139165.86344792417
1779,121844.64884325156
1780,169674.5916406668
1781,129540.12288344264
1782,88477.82463008752
1783,147534.75492451902
1784,107010.39159060146
1785,123012.23654705705
1786,141423.6959328083
1787,162333.77605865765
1788,54936.49643589848
1789,102352.31294364524
1790,80823.957404079
1791,179128.632967606
1792,154746.94149431493
1793,126623.52537776064
1794,146563.69212307438
1795,130318.72846457503
1796,120427.63192372657
1797,114643.3507476444
1798,125804.99930774688
1799,110083.70206783878
1800,134645.41386924117
1801,132460.10055141788
1802,123451.45401425849
1803,149778.48220992938
1804,144264.04436627205
1805,136895.70689264446
1806,117236.02399243714
1807,123908.43106767342
1808,121329.23102678283
1809,118226.87580632757
1810,146276.45463105562
1811,96532.77499976744
1812,94954.76167857886
1813,124368.96502117852
1814,99119.75920532978
1815,51541.07113370732
1816,99368.6133151078
1817,113555.89142497626
1818,148736.5456042198
1819,123199.94019411434
1820,49156.42800299957
1821,107380.82700901717
1822,145494.0486151647
1823,41851.2790661718
1824,131974.33699739331
1825,135749.1808209289
1826,102405.79188036385
1827,105144.8448155131
1828,135519.46291245965
1829,113500.41381062684
1830,139033.3958332758
1831,144569.98518635833
1832,83188.64554438861
1833,137853.5868628659
1834,118999.52311819087
1835,121782.7677218612
1836,124455.99053163987
1837,90512.10766643676
1838,128823.35120638036
1839,89952.65633997365
1840,158955.40211666812
1841,146307.8604137793
1842,81948.04861226791
1843,133744.07609352304
1844,133378.2009334548
1845,141488.17963300098
1846,154316.75613835483
1847,167157.8362262046
1848,55152.85718515172
1849,106629.28831758014
1850,115805.72962742996
1851,148961.79761189918
1852,124539.68458985047
1853,138984.70851924605
1854,169330.64608458063
1855,148145.51750765508
1856,217877.89693959398
1857,146608.44782710765
1858,138698.7387602358
1859,116707.4037053657
1860,153377.91865273492
1861,115702.11324950095
1862,310778.7154243321
1863,297426.67745739466
1864,297677.1912367858
1865,322290.273748633
1866,335336.2164328457
1867,235649.10793678917
1868,306047.7650271728
1869,200298.6051768919
1870,228621.62206402022
1871,244795.48068527598
1872,171802.32554381166
1873,236052.20310648283
1874,144241.89545128355
1875,198370.96110651048
1876,195499.48678221647
1877,209952.76049056143
1878,209687.04056199995
1879,130600.94862375518
1880,135444.71799533904
1881,240409.09651957825
1882,246423.55851645523
1883,189443.72560078016
1884,204827.1953074212
1885,235505.03765956056
1886,287390.5866184372
1887,203933.08157127938
1888,275394.7539641409
1889,164426.64526931837
1890,122767.46445524205
1891,129845.44907541253
1892,102852.34793644707
1893,130687.16370582489
1894,126373.87005470462
1895,134745.9642802624
1896,125074.49297522075
1897,118330.1818548428
1898,111975.58775155735
1899,157266.74456551106
1900,145230.06894023877
1901,172591.85015467939
1902,141547.74025045361
1903,210001.78809998772
1904,146649.43030811864
1905,190700.5205996496
1906,170087.58764955468
1907,199042.25287618022
1908,110773.11673884871
1909,134866.81163137805
1910,118847.49994512409
1911,214264.2030201018
1912,313910.8145516148
1913,145736.35506553488
1914,53973.127998575124
1915,307451.78045989806
1916,66894.54065725821
1917,246623.91174040048
1918,140060.35913935438
1919,168226.21127892655
1920,151268.4597390481
1921,431125.92835444317
1922,319544.3789050813
1923,213015.69170283212
1924,234968.2150878139
1925,194686.61781952018
1926,409115.96013085963
1927,133334.24041569052
1928,157589.4169581336
1929,123221.36595406965
1930,127527.24699331405
1931,146026.88973458012
1932,139471.9813073752
1933,193406.37780190096
1934,182241.65487390943
1935,175150.0555496045
1936,185067.42229839799
1937,179886.46566841
1938,175812.36089435153
1939,227304.06892975347
1940,187331.81363755412
1941,173891.62717225568
1942,184167.5083725279
1943,200582.92641065957
1944,360865.23487533256
1945,400730.8370972195
1946,143793.3825900632
1947,293810.84974259965
1948,174267.39027074652
1949,249903.35655202644
1950,182849.42131072428
1951,252325.90172871374
1952,204394.7977558528
1953,166703.87214731306
1954,180390.50978455236
1955,135720.62073011565
1956,297399.5369187603
1957,154247.32262151723
1958,318107.8379421386
1959,140368.77535220882
1960,114936.81663703908
1961,120783.37174604497
1962,94127.34992843788
1963,100732.70595910848
1964,110624.17814129559
1965,145087.203326798
1966,139845.7466876405
1967,283303.6223983735
1968,450889.004775809
1969,396722.91693839425
1970,450402.00800372567
1971,453073.1484524124
1972,384727.14470693975
1973,255980.6478291428
1974,319905.5051165437
1975,540660.8226920473
1976,268488.5541969631
1977,361456.6896113638
1978,354395.5758499522
1979,342716.539148826
1980,198136.85561182475
1981,345336.59269995755
1982,215248.99916967025
1983,202859.43476078156
1984,165163.7026934771
1985,217366.07369375793
1986,212903.98767314426
1987,172198.00132625556
1988,177055.3718432002
1989,190125.10454748553
1990,218168.67494031816
1991,232017.04138427414
1992,212480.2849405174
1993,168109.32508399326
1994,226844.14378958612
1995,186725.80128122203
1996,249617.53210871964
1997,310535.34066616837
1998,342524.7140013549
1999,261940.4632131279
2000,327065.38749856706
2001,280073.7491554722
2002,238192.92211483844
2003,255016.61083976962
2004,279281.6711476715
2005,208112.46349715578
2006,222665.649516365
2007,250734.570436573
2008,224472.7068864993
2009,195881.68466299496
2010,189244.2656213736
2011,137654.58830662825
2012,177510.86083989532
2013,181243.40422851697
2014,184109.12812446125
2015,198093.67995569872
2016,196454.91371853685
2017,195995.27257234434
2018,123379.02357733091
2019,135687.17313240858
2020,106022.49579637783
2021,109580.38980778554
2022,177008.36071076273
2023,142137.85994386574
2024,261320.3507957203
2025,340521.43481827946
2026,178370.46292021504
2027,158826.94918902515
2028,151006.428571923
2029,169829.20026417656
2030,263277.8479689983
2031,221645.27600211994
2032,237953.13038181758
2033,255171.44937905297
2034,170024.8113141933
2035,214201.60774008816
2036,193892.930319557
2037,202098.8480505235
2038,299009.4302984971
2039,215431.14933314064
2040,271016.52815403783
2041,279604.4045594945
2042,205296.18614675867
2043,172362.35783376184
2044,169856.59074576292
2045,209595.98974307947
2046,143749.44912962522
2047,148333.67981628672
2048,140912.0759015067
2049,139521.74236857973
2050,175766.81430695282
2051,103807.02080794431
2052,128806.7499741005
2053,145816.3102347289
2054,80749.25390613088
2055,161930.4344135923
2056,143129.891936717
2057,114953.38980194644
2058,224341.8839810943
2059,133537.53844541183
2060,171429.97282915268
2061,170629.50987007067
2062,130979.25737058742
2063,113116.4795898848
2064,142869.48674556066
2065,122441.87753649469
2066,163478.7512978812
2067,112278.01230777403
2068,140502.40570894466
2069,82943.79742347499
2070,113281.68898697954
2071,95510.37978794707
2072,131619.2320208478
2073,138134.19436231232
2074,183880.8333429626
2075,138871.88091221201
2076,119958.50757141896
2077,156711.5013788968
2078,131700.81084690624
2079,130027.95812781181
2080,116435.41399511544
2081,124690.04599208268
2082,125553.15966526403
2083,140710.86096851886
2084,110055.37162660755
2085,122913.59078307715
2086,111134.28199389794
2087,120381.41912902484
2088,95180.0747797109
2089,74408.8174963622
2090,124847.15249726966
2091,118908.33333320706
2092,129109.0060500301
2093,111869.38159855676
2094,107871.86196667177
2095,146478.72358239553
2096,79175.10962206328
2097,92249.23444338675
2098,141772.7674788567
2099,55985.40223956202
2100,81551.38053358514
2101,120250.70851069706
2102,122500.04604763398
2103,103981.74339331014
2104,132615.50311302353
2105,121423.61607425037
2106,67570.97810065789
2107,211704.1474475421
2108,112119.75769013952
2109,110674.53069673694
2110,135283.49866785452
2111,135267.70315202454
2112,139858.21201429013
2113,123029.52924025245
2114,110664.00868927065
2115,160442.34147238283
2116,121323.52122931252
2117,150762.94513496276
2118,127702.79207539003
2119,111186.92478374706
2120,109355.06203833615
2121,86616.33092724279
2122,116095.7035694926
2123,85518.89880402922
2124,157735.00863871077
2125,127906.8213144202
2126,152156.41447239846
2127,149236.17695993168
2128,123564.46654445685
2129,93737.9990421296
2130,140906.88754610548
2131,140986.2228314819
2132,116457.83230042622
2133,124118.14938457317
2134,120625.74556754749
2135,96501.68767628752
2136,76772.5483896104
2137,116588.37759530611
2138,131130.9273835002
2139,151929.9273513298
2140,140382.32764291659
2141,143806.941648997
2142,129724.43915581095
2143,145106.18251084012
2144,116681.28078710203
2145,138486.02428689963
2146,159311.16120610273
2147,147776.9652313147
2148,132385.697165779
2149,148869.2926865842
2150,217948.76585901537
2151,107658.68800323833
2152,180253.89353079913
2153,161361.6290264015
2154,110316.17553231733
2155,138106.1923328138
2156,268076.04081094766
2157,230477.33071799114
2158,234844.82067236578
2159,204410.22690498809
2160,173643.30513940574
2161,237720.35917286747
2162,397002.5293445027
2163,370652.93705065234
2164,241881.24871700563
2165,203257.49804536742
2166,149466.6278608815
2167,213530.0120575115
2168,199040.05639331878
2169,196861.29445364798
2170,218627.66668180958
2171,155446.86169667644
2172,130543.81705035683
2173,161653.28755454192
2174,230147.57549521697
2175,290885.9420588692
2176,320818.2957599283
2177,242826.23604364472
2178,208708.27412955026
2179,141242.62372160846
2180,217933.0848677786
2181,192145.9197756846
2182,222313.9854781126
2183,191374.76246564774
2184,124013.64641611258
2185,121829.48990714393
2186,144840.57754106272
2187,150446.95057158332
2188,156158.82281452956
2189,270715.7093150902
2190,82132.54710685213
2191,81400.94871935024
2192,91500.49147637915
2193,103758.2812802342
2194,101087.33748388586
2195,110301.94882142558
2196,100985.71824193907
2197,121004.47444377466
2198,155863.56008647982
2199,182170.21914259688
2200,148317.73410480382
2201,137494.368728751
2202,205068.49842593848
2203,141738.07363510603
2204,184343.30684034602
2205,117270.65281463774
2206,141655.8194024934
2207,224061.43845679617
2208,249363.58387297072
2209,238363.5767035911
2210,120351.29751342826
2211,113821.87881682259
2212,118321.00646571087
2213,108144.1029229785
2214,139840.7341986252
2215,101213.75844667641
2216,145798.75672624295
2217,71413.18925608494
2218,64953.42930055317
2219,58632.01034769688
2220,61412.96853966739
2221,310257.42106153106
2222,277657.4790206617
2223,296580.963844009
2224,211201.0499604955
2225,119188.5424436724
2226,193540.12027929391
2227,201856.02618127366
2228,257330.53422828694
2229,245783.1708566934
2230,154439.466283482
2231,214593.0575103766
2232,181311.46197057128
2233,182868.26975181588
2234,235233.99213040754
2235,220972.19837911328
2236,262176.6225566715
2237,352327.0425330206
2238,202200.38358344606
2239,114004.98246643096
2240,156717.46414592527
2241,163562.68488998956
2242,124446.11463218273
2243,126488.93512082726
2244,99944.54083349866
2245,98518.33413950863
2246,139087.9305883802
2247,105468.62140624583
2248,126000.19200042672
2249,123891.54232657565
2250,134152.0788565873
2251,107120.78278338298
2252,172542.79383466108
2253,155309.0380858124
2254,177828.97527498257
2255,188701.3853193523
2256,181487.36822196993
2257,208834.8589499069
2258,160614.84726737434
2259,179350.1717564169
2260,156682.30034498835
2261,182776.95194943482
2262,199088.53469358242
2263,378433.56561334414
2264,504323.91479309835
2265,170452.89778517306
2266,281442.9902534042
2267,377760.0622514067
2268,427357.77654712973
2269,149951.85230122588
2270,195888.47661670015
2271,212798.72138732637
2272,198860.7172471553
2273,165403.32765007243
2274,180074.3434309218
2275,166901.78959698247
2276,191915.34059994662
2277,183982.95526999046
2278,144162.0878262992
2279,125079.1480800665
2280,117449.41466802971
2281,174991.77367273567
2282,189502.0705115708
2283,101707.41927561881
2284,109448.64379071323
2285,139402.83549545967
2286,122316.10484246806
2287,349038.7430622291
2288,274899.22853563196
2289,382637.89804085507
2290,466070.65278809576
2291,324610.52572751266
2292,457313.57792952884
2293,489935.1255622903
2294,411372.67721655825
2295,496748.86750006065
2296,286479.31865246745
2297,315600.0938393376
2298,329190.4946517444
2299,385657.6275438267
2300,340473.5527079178
2301,294387.8672562316
2302,245866.35271839844
2303,227183.5326711078
2304,237287.86067561785
2305,187738.65955750892
2306,185948.61086875878
2307,194169.48227758918
2308,218851.72566622263
2309,271127.2970528937
2310,207823.38285448105
2311,196866.47987874493
2312,173692.9036488782
2313,172393.17165416916
2314,169297.83292012534
2315,174528.84240508452
2316,188939.92632199058
2317,181585.05104616506
2318,177293.63207067683
2319,175967.2862077294
2320,183966.82889405044
2321,232024.0834534979
2322,171489.1326192026
2323,186881.8599493489
2324,175124.20869305334
2325,208969.2231120086
2326,172975.2317654068
2327,209784.64684250095
2328,226121.9873885763
2329,187165.96974706653
2330,178239.02857527835
2331,362276.7290309588
2332,380918.04869168013
2333,314579.9889383004
2334,255120.5187820965
2335,267332.8014845568
2336,331822.3745812403
2337,200178.16602135892
2338,264568.6280160353
2339,217142.67488744218
2340,412222.89122022816
2341,212830.9534005386
2342,222997.7084174219
2343,225031.5840639437
2344,210935.38352683347
2345,231382.25744917087
2346,207606.44484925154
2347,198448.29073549804
2348,231358.92051198374
2349,181788.82228310755
2350,301425.44534811575
2351,261545.76700449883
2352,257981.93637643332
2353,258119.36642413645
2354,137147.97519306562
2355,144928.17879370262
2356,152162.05651433926
2357,193544.4473505878
2358,192750.09365559978
2359,128840.44816683249
2360,116017.40977178389
2361,143629.40916121882
2362,273195.496347017
2363,138196.50883945473
2364,155322.04930011224
2365,212414.87797094838
2366,192094.3050518013
2367,221157.06853562847
2368,216858.82660782937
2369,213526.2367060144
2370,168715.5262956642
2371,168594.13378671318
2372,194981.8872991749
2373,277580.4863949653
2374,311270.1549498914
2375,248089.00022959098
2376,281924.311648729
2377,350083.70848392835
2378,141373.33688992757
2379,194681.00850675412
2380,145588.89813234666
2381,162512.88262202573
2382,200403.67615724698
2383,205602.53415556115
2384,244212.81350577812
2385,157931.33809552933
2386,135454.9554718167
2387,135668.9228699881
2388,100101.170288366
2389,122406.95849207521
2390,146749.53009689
2391,146785.29547036308
2392,116505.26985087885
2393,162261.35316337954
2394,143740.52762013732
2395,207018.84840059606
2396,144835.2436619486
2397,209804.15832596397
2398,136321.63766654473
2399,56263.84198281145
2400,56806.215450754455
2401,113564.2690659489
2402,137016.4397529082
2403,136882.91128088313
2404,150578.12381229174
2405,158323.3656770006
2406,140617.59197665873
2407,123091.9215014183
2408,140751.90906482126
2409,123839.08514308432
2410,166577.71661056663
2411,119648.12432706944
2412,159435.8123733297
2413,130308.53830711661
2414,143357.59246664337
2415,131638.381269767
2416,124462.09922888115
2417,131968.85159917848
2418,131001.72707022875
2419,122849.61829336651
2420,128619.88947732066
2421,151806.95978052798
2422,108005.98612588622
2423,116472.33633873884
2424,149538.84608466618
2425,208057.80238789387
2426,134565.86757931733
2427,132125.18818356443
2428,174751.64499887268
2429,118276.35487964291
2430,130322.65501249055
2431,110621.58415894433
2432,146150.51677389495
2433,147111.14284950017
2434,138314.0101061435
2435,155719.03667493857
2436,106806.03157478938
2437,108623.79908048076
2438,127582.00522369667
2439,109968.21320251477
2440,118657.0970366949
2441,90718.67480692879
2442,100762.46714674734
2443,123030.86514906735
2444,126330.43199049185
2445,85570.59302212569
2446,137967.67481853184
2447,184789.52997013216
2448,136516.17776789545
2449,109771.78894479758
2450,146644.90734109568
2451,129052.39644001232
2452,196248.91252249264
2453,88904.7049507488
2454,125351.02783407921
2455,121221.04723908773
2456,131662.80916416063
2457,133212.64475615433
2458,128637.03936334809
2459,114174.8415537564
2460,134441.51261385254
2461,120875.87610119782
2462,137053.8706099103
2463,122504.78717279606
2464,177318.94353614264
2465,144037.59578323775
2466,119868.83298512555
2467,133469.22559989648
2468,81395.73124627497
2469,78675.99064978705
2470,186486.625989308
2471,207486.3776488684
2472,160559.9249439245
2473,116817.84817557166
2474,83422.50822256591
2475,213131.86075195528
2476,116423.48853813537
2477,130191.23081140229
2478,152109.47585846772
2479,104559.54773872998
2480,154869.13737024754
2481,121613.74392718401
2482,129273.90701449006
2483,114174.0278344149
2484,123453.62589246064
2485,127164.29857556884
2486,157527.0563130813
2487,185987.26550253952
2488,156505.43485177736
2489,150433.19956323598
2490,151262.24630363507
2491,91651.49828750714
2492,195413.8142434401
2493,152837.0333729866
2494,147692.3683775649
2495,91594.06851750036
2496,239665.90426538978
2497,145734.25138267453
2498,111966.84591422958
2499,91115.8915094822
2500,131964.987459094
2501,136848.4916949074
2502,148960.4358480944
2503,100239.90630281527
2504,183155.0371286849
2505,221471.78209216378
2506,255005.4961779265
2507,281495.7126337743
2508,255640.0362098215
2509,220697.18420569177
2510,215718.43317059893
2511,176487.21460681353
2512,203139.52887960858
2513,222521.89457445708
2514,262965.61997813144
2515,151173.13121833155
2516,172798.45917662812
2517,139680.9284681297
2518,151518.9551339316
2519,223731.64536421694
2520,216398.00577965903
2521,188667.75907111826
2522,220602.34691487372
2523,126376.85484215715
2524,139054.91777470073
2525,149971.43655552337
2526,135639.3461433245
2527,111229.46705698692
2528,133539.39407649342
2529,128651.99202050659
2530,121265.81479531317
2531,252630.34893114533
2532,225381.8244039579
2533,197929.2421145143
2534,224047.11719534546
2535,303312.59366241447
2536,233035.63230111985
2537,220286.87474486162
2538,180580.8099682616
2539,186422.77668873876
2540,177644.58635557452
2541,179054.0543152754
2542,171110.98351626462
2543,126509.404916985
2544,122077.36687367046
2545,135656.49733182543
2546,127930.36848257417
2547,138272.79597462606
2548,151816.07084818825
2549,162014.85835576983
2550,698397.0981517271
2551,139207.4707024793
2552,127499.8367568629
2553,76031.89246787687
2554,105075.89278060917
2555,117380.56411140424
2556,105674.25480370526
2557,110191.49065131717
2558,158926.12559479196
2559,140286.50666466897
2560,149281.29177629264
2561,138785.66507376774
2562,136997.4709868001
2563,150244.39773757386
2564,207430.30233569077
2565,135304.05678415613
2566,164833.81132644397
2567,137893.87541414355
2568,204488.0726371749
2569,209027.2500727047
2570,117119.36642952368
2571,191000.20065798223
2572,140289.65431580448
2573,217164.95010995143
2574,278103.0364860088
2575,129147.01726014889
2576,117982.14718712296
2577,149381.00083195296
2578,83080.66902863132
2579,63330.47263999038
2580,95732.63015951353
2581,97818.48163807738
2582,95075.41467079494
2583,272419.17628859583
2584,166446.3661099901
2585,190868.1222439316
2586,220600.90261048276
2587,190146.6629163064
2588,142617.89131178628
2589,150468.88740628836
2590,209336.72608167105
2591,214136.34353419387
2592,209888.71621988705
2593,241184.28649842396
2594,175862.46947859752
2595,196612.91789483576
2596,320397.28495393787
2597,191831.99594635557
2598,273076.871988684
2599,310996.4159433241
2600,150890.48290413409
2601,151834.99206918263
2602,81045.55734877338
2603,92892.30842385994
2604,88663.37812445729
2605,76315.89546657112
2606,153537.99183602486
2607,200809.2865788248
2608,200148.6792989005
2609,168869.034969318
2610,110298.98749737447
2611,123304.48826032465
2612,153487.16076877472
2613,132203.68090396276
2614,126930.42084578073
2615,153060.03355199596
2616,142460.22141695215
2617,183887.1241425383
2618,201025.7152195668
2619,194980.61156453454
2620,181749.89155186847
2621,177689.9741116729
2622,182911.38433466188
2623,244201.17108159774
2624,315935.33722769696
2625,286442.4439387572
2626,171197.35789614948
2627,162137.56244562787
2628,494941.6348926639
2629,522110.40430222836
2630,351357.67629831075
2631,473532.1456880273
2632,449489.01469624415
2633,297625.08737263293
2634,429338.91345526505
2635,157759.55102604761
2636,179287.9053880917
2637,177568.25474469314
2638,253272.8312996265
2639,182689.75877411265
2640,153078.37197600125
2641,104058.87644950232
2642,191311.0210345329
2643,98218.67232445901
2644,126965.4817683361
2645,104734.29583123117
2646,93391.13353799883
2647,102367.50765695408
2648,142308.15401818653
2649,149309.9732972012
2650,135068.7860306871
2651,141617.37510885863
2652,401664.0512293827
2653,246550.09941138755
2654,250779.1633191651
2655,417984.0383245049
2656,312707.8361853303
2657,337602.8550433975
2658,288899.03229024133
2659,290501.4936631569
2660,355240.4046758772
2661,342930.72141174634
2662,360311.1418113998
2663,275449.17244403635
2664,264219.0866381255
2665,319668.72793241154
2666,274013.42746423185
2667,164932.24034994765
2668,175521.1907465495
2669,177288.108010635
2670,272804.556862388
2671,180945.2376596886
2672,192794.763142171
2673,207509.39372361687
2674,199410.11749310303
2675,169164.18611746468
2676,187693.00891195372
2677,196921.3060457949
2678,245610.39479004248
2679,269792.6636834555
2680,279943.18668743246
2681,410374.0405892363
2682,321892.1929848436
2683,552457.9357520263
2684,317083.12830703275
2685,333072.3729350818
2686,259689.91738656198
2687,328321.6323516168
2688,201383.1092339158
2689,198612.92207935735
2690,471528.8824292668
2691,193233.66156892158
2692,135355.77813114104
2693,192630.3568949805
2694,134820.8260637361
2695,192232.8274193349
2696,183731.56225123472
2697,191365.31481566536
2698,189420.07763516626
2699,176530.8402537107
2700,160953.8920993909
2701,151472.6682184265
2702,110504.18399843399
2703,116694.27732631649
2704,139764.9463155276
2705,121529.43158836663
2706,115769.09995044963
2707,123696.81610735059
2708,134651.48906638843
2709,109127.99314111478
2710,129522.76015077252
2711,279310.02687335084
2712,396144.2299100123
2713,172925.21722580472
2714,148765.19906951746
2715,172647.85196101342
2716,143125.9035128584
2717,186180.362713625
2718,223436.04787743022
2719,158168.5667441279
2720,166623.63328311453
2721,135976.69938750565
2722,159683.72162028795
2723,139945.82240934146
2724,129578.31748683695
2725,134556.70171277935
2726,152230.24979939187
2727,183730.81030758857
2728,173818.59633588538
2729,152388.58099535012
2730,146632.0003197191
2731,131595.54868471663
2732,131199.52388969978
2733,157755.2075760309
2734,151343.37064881716
2735,138816.6811667831
2736,147773.0666554304
2737,126945.92703195546
2738,133208.03670200778
2739,161587.36280398493
2740,135427.39517379008
2741,149939.23004364033
2742,151750.44175122053
2743,150653.6518699161
2744,158101.33869490545
2745,138034.96451255644
2746,136230.80600377495
2747,141893.95768551534
2748,125972.36591835576
2749,129891.04625785945
2750,132993.8431705907
2751,135813.36558058168
2752,195113.548005694
2753,147635.34822103882
2754,228196.58720848514
2755,130919.90745556651
2756,93165.31472848548
2757,69500.34396520889
2758,80687.1341709687
2759,157287.9982075287
2760,127584.58991638773
2761,147576.63850829122
2762,141673.438269131
2763,179191.2912945084
2764,143056.2697941384
2765,273162.0021767664
2766,132533.8893481586
2767,87884.91448911265
2768,128970.57939845922
2769,133508.53120035876
2770,134349.56721835758
2771,112898.24225715957
2772,114300.34552078346
2773,166475.60865596187
2774,137046.2028482818
2775,116776.09299992495
2776,135265.7750938525
2777,139870.79318785097
2778,97332.98541745578
2779,125482.87409784335
2780,96720.17698126452
2781,98577.22558838729
2782,93476.31645497776
2783,103147.01038115406
2784,120660.23421975953
2785,139381.81964466974
2786,63819.119993865395
2787,122371.5774056881
2788,72576.26098668415
2789,167128.2774939488
2790,95810.37276260351
2791,114016.39672193697
2792,52114.102047424734
2793,171898.41152287854
2794,96412.59343856519
2795,125507.84937224668
2796,101436.79529021075
2797,195479.3275526351
2798,108785.71853400607
2799,117884.00968136347
2800,63989.19916935539
2801,110039.85883426286
2802,137122.5410512746
2803,160576.4970206797
2804,127170.72311219777
2805,101617.2472272804
2806,80896.39004107582
2807,157241.46710707573
2808,152103.16001331402
2809,136621.8830678902
2810,131796.3714189916
2811,164048.21118889214
2812,155741.5788228094
2813,154808.63634853225
2814,150632.19229267398
2815,104622.73818173289
2816,242008.06048349998
2817,162200.03094942644
2818,133948.18027113788
2819,163285.0219716104
2820,141473.27475832842
2821,113422.2049694187
2822,194973.28234817542
2823,335324.0768049442
2824,188745.9902532939
2825,150417.98114569034
2826,132052.88762936794
2827,135055.84495819415
2828,219781.54810837007
2829,212404.37404229134
2830,225150.44471753374
2831,177922.31506487017
2832,253012.00590913155
2833,292152.05857142
2834,208203.7656888502
2835,215607.77848671935
2836,194943.0017421961
2837,154333.3354611653
2838,150996.60897215278
2839,176550.5011096581
2840,197807.32024934606
2841,202626.83296188197
2842,229287.5115054492
2843,149057.50369744445
2844,157690.22625376054
2845,122179.42270957906
2846,211273.28607000996
2847,204063.01146656816
2848,205711.0020833858
2849,199206.09168372222
2850,278017.0362923311
2851,216151.011428914
2852,229509.00531147333
2853,239110.50213538445
2854,140790.6399937884
2855,200532.85769094748
2856,199371.5114697272
2857,184563.95755496807
2858,195266.3312855279
2859,121476.28093683926
2860,128614.19943920053
2861,122169.35138276865
2862,198127.70741487888
2863,125753.11578148551
2864,250505.0461595135
2865,139498.86417276037
2866,133350.7702419651
2867,96179.89010089934
2868,99697.83613204154
2869,110894.80476608055
2870,124019.90756740521
2871,85257.0093218901
2872,48664.57150845953
2873,101509.54305446225
2874,136546.6960424215
2875,118883.62310425987
2876,160669.34494004594
2877,140814.2569657117
2878,166356.24240543216
2879,140565.09349153188
2880,102060.00482269634
2881,149073.4288310528
2882,180795.35823728808
2883,198290.97142198824
2884,194773.37055338596
2885,193175.2369776538
2886,233027.43550405902
2887,96046.48615209722
2888,134268.2001204304
2889,54187.49661146717
2890,80855.98986359661
2891,133387.25061525224
2892,43957.113390501254
2893,72663.5057741053
2894,48613.57498249896
2895,335045.1956252997
2896,278448.82857578655
2897,197349.00180734202
2898,142825.2413362783
2899,205113.2447307297
2900,161917.992881554
2901,206282.88254023498
2902,189147.55048482752
2903,349817.62480111455
2904,354054.0602462909
2905,88098.58154491744
2906,201668.97289963864
2907,109192.96287428212
2908,132071.93261280982
2909,144715.39648467116
2910,79130.8881628146
2911,78617.79472975171
2912,145208.92813186886
2913,79027.97829384416
2914,76831.12816042479
2915,81044.95518198112
2916,78487.40389811665
2917,168060.28876050047
2918,119224.12512631487
2919,218019.41341072906
