Id,SalePrice
1461,126901.2268320897
1462,157300.42426044896
1463,189493.63445466204
1464,194688.05398364732
1465,190523.2628507939
1466,172546.90645803994
1467,173939.12744110022
1468,166275.32733725978
1469,176335.5375743632
1470,126589.58777790131
1471,197737.55826981046
1472,93461.38208630605
1473,96990.36731418908
1474,148827.78323722578
1475,114141.2061681631
1476,382580.19943773246
1477,249360.45278550108
1478,284623.7401841206
1479,281740.33388460556
1480,541987.1867841339
1481,315214.36298671435
1482,203416.95895476488
1483,174942.7460764122
1484,170378.94892288896
1485,182692.95731533825
1486,195430.55133216933
1487,337591.9118076066
1488,229375.62844525665
1489,207465.40729221253
1490,234309.13991182065
1491,190667.4041933641
1492,97044.21455618092
1493,179202.4810642259
1494,292980.4104344435
1495,279886.78240471287
1496,243313.81080894318
1497,184982.14102513978
1498,166844.39029434475
1499,160373.82094280107
1500,155988.54352348842
1501,177800.7675222188
1502,147490.33129209167
1503,292584.8502070353
1504,237663.78204129366
1505,227899.1502244036
1506,183760.93176627404
1507,258191.62372831936
1508,196158.92007407223
1509,157931.8136458637
1510,144855.95871904466
1511,149533.30338185866
1512,173284.13302943163
1513,144668.31813498936
1514,159114.7250210091
1515,191543.04769749177
1516,146807.33223293233
1517,157023.87057479657
1518,131949.1085663815
1519,230928.49382460176
1520,134790.42862052476
1521,135511.11316200224
1522,169628.03132585465
1523,114148.30568528202
1524,121396.73922681907
1525,124613.61042787643
1526,117224.82817788495
1527,106617.02214857409
1528,129894.88537331612
1529,150911.21889963135
1530,170310.07210521755
1531,105205.77458244529
1532,95525.31838174921
1533,148243.5701359589
1534,120896.35206343158
1535,152154.54087582475
1536,109269.18365512691
1537,66650.49275608113
1538,147507.88032019662
1539,187656.2811124785
1540,94654.77510065591
1541,138964.32505203743
1542,137100.1997253616
1543,203028.2086950391
1544,79271.8718256267
1545,109102.20882204713
1546,132532.1473131884
1547,135943.29513427144
1548,137362.28269424482
1549,115179.75721540717
1550,139999.04943900887
1551,107624.70994807867
1552,145254.01666511717
1553,149234.3247874066
1554,114552.78804612967
1555,166647.54263639136
1556,86053.0120819922
1557,109594.22275974002
1558,96127.11058105258
1559,66166.68731670921
1560,130123.17077263734
1561,140473.87514171688
1562,129930.37149874761
1563,121999.07548051969
1564,162610.44059540704
1565,150744.49747488822
1566,228621.064534409
1567,75870.06647912704
1568,225495.4200899723
1569,139907.33246549597
1570,136986.35289090814
1571,117696.86039001516
1572,145552.2538866349
1573,246707.81507558437
1574,117608.76961618851
1575,219413.46895982648
1576,243377.41822660543
1577,198093.9713435329
1578,142931.51425226568
1579,144618.16374684183
1580,193773.7914549932
1581,149968.92674002374
1582,124828.40461422323
1583,326685.9879870424
1584,228805.1183408552
1585,140544.03679389675
1586,73057.3567623768
1587,96240.78810060429
1588,149079.23632175842
1589,103215.55813893105
1590,132444.9416442568
1591,94192.04478622467
1592,119411.62416558749
1593,122563.67248309679
1594,131448.88180143334
1595,111071.52314189808
1596,237231.50243309693
1597,183074.76970529876
1598,202273.82189769167
1599,164624.48256247232
1600,166298.25060698416
1601,62852.92745919836
1602,118107.18873006768
1603,74307.77145650172
1604,264409.8157926555
1605,238016.76425406674
1606,166211.50086147457
1607,169140.0674792881
1608,218653.9139052546
1609,190470.14417763893
1610,153096.178374446
1611,138402.54892350658
1612,170598.01707284362
1613,168846.19453728973
1614,122208.46252071275
1615,86085.81239682078
1616,71457.3977934357
1617,89244.43612011027
1618,125783.56071272538
1619,142557.68774556913
1620,163736.00334587524
1621,137702.6363467311
1622,144201.95132364932
1623,265999.6892258433
1624,215053.4203549167
1625,120450.08881798189
1626,159666.81442614034
1627,191383.18200777908
1628,274678.71071921964
1629,175957.1347699875
1630,369792.9107086118
1631,211415.71891206986
1632,231284.55238187854
1633,172128.29515551007
1634,187990.6223972059
1635,177487.8819999317
1636,155877.78665225583
1637,198651.55206825642
1638,182630.0943280938
1639,184098.6781894717
1640,256199.7123117962
1641,174630.7756317829
1642,233085.48208792767
1643,220198.21713557089
1644,227803.75216398825
1645,200977.62770524062
1646,158162.09481742664
1647,156377.03300738486
1648,133615.90127105807
1649,139380.93502035242
1650,115552.30548634181
1651,121400.96330297868
1652,95115.33059211548
1653,94266.78305589213
1654,144311.26876298396
1655,142022.862785733
1656,143543.37466359773
1657,146669.21415009775
1658,144720.2010171172
1659,120632.96243083013
1660,157810.458686287
1661,473071.8862130398
1662,393773.79861429165
1663,391156.525453642
1664,522880.4082328747
1665,309935.58757558174
1666,328819.86967211845
1667,366563.3951215127
1668,340710.5707752104
1669,289228.797840361
1670,352234.9867277097
1671,267673.88156419294
1672,485325.8905913389
1673,293228.4718432176
1674,241131.61820216605
1675,192132.25264243255
1676,192926.5631928853
1677,219985.62335009908
1678,495101.1404012702
1679,401853.11398021417
1680,348591.776183043
1681,247826.99492334508
1682,303376.0498202022
1683,178863.6158669159
1684,169712.40955530535
1685,167261.3197776721
1686,168440.3135245165
1687,166630.37382998873
1688,191875.86621853116
1689,192829.5158081008
1690,192252.4225434785
1691,183713.62294373923
1692,259469.6033418827
1693,169830.90542049205
1694,181718.80662393733
1695,165708.5422775217
1696,273522.85771031084
1697,169112.0474039812
1698,360480.89068866556
1699,330609.76241468824
1700,251100.99804638923
1701,263035.6358488109
1702,255258.41972422652
1703,253156.12167060142
1704,281310.3584564051
1705,225618.36193726087
1706,447526.3593231737
1707,219783.33394462708
1708,212567.7255837145
1709,271841.4016769702
1710,222072.16900529535
1711,263920.284513028
1712,266626.84476600215
1713,283378.2756384993
1714,223032.90740581462
1715,205993.65583161818
1716,179637.52888647368
1717,166499.20612885768
1718,135625.63960911793
1719,196291.07095805032
1720,237335.67919938546
1721,160870.73642503767
1722,126911.64954968702
1723,156037.88258338167
1724,215059.3602918682
1725,238705.51762706312
1726,186887.47748726723
1727,162221.85703500037
1728,175321.71594906528
1729,170142.3031590114
1730,154446.04626213535
1731,120577.77874657426
1732,130357.42636433191
1733,121933.29031382455
1734,122220.6871121486
1735,131792.3911485285
1736,116496.07717732196
1737,299907.2724013388
1738,226425.89133014937
1739,268393.8231559872
1740,243418.0798488909
1741,197972.69702187693
1742,174162.0277601597
1743,174760.2599488058
1744,306451.1334793323
1745,217291.1731177573
1746,178059.527799842
1747,216773.52023576037
1748,226116.12117880408
1749,151823.28431053393
1750,126981.54879905161
1751,232658.42338649533
1752,120399.59533176372
1753,148220.55669411502
1754,188651.61542458716
1755,166692.98814773702
1756,126148.37501520212
1757,123285.72426163027
1758,146192.8871554113
1759,159555.0863832158
1760,164178.79242240882
1761,139827.70022551477
1762,183432.8160395783
1763,165861.5084680019
1764,114540.51309364043
1765,161203.2188602471
1766,178658.40258238016
1767,217571.10884918497
1768,148189.95085936325
1769,171472.6630514362
1770,148535.2783001751
1771,126626.21586208104
1772,134945.38232950933
1773,132094.07189532564
1774,138007.67883150652
1775,135535.95747176957
1776,124161.13583979207
1777,116703.85930148956
1778,138911.67825833935
1779,121484.34485585125
1780,170141.37800003344
1781,128686.02877550412
1782,88452.35423532
1783,147820.0976896152
1784,107038.46795998116
1785,122044.34314389563
1786,139738.05440249667
1787,162708.75990942612
1788,53414.94050809379
1789,100991.7886361662
1790,80217.18193888821
1791,179868.5876240848
1792,155440.7524142019
1793,127604.1265522085
1794,146629.0201047095
1795,130630.97261541002
1796,120445.78444523126
1797,113718.74231686552
1798,125285.5166336975
1799,110615.03821677102
1800,134190.57562664294
1801,131928.2640348843
1802,123283.09368015679
1803,149258.53029919352
1804,144502.75814926764
1805,135727.23973286554
1806,117624.08560019972
1807,123738.23313538873
1808,121224.13716517626
1809,119258.91080131206
1810,147558.99104859447
1811,95603.73171856395
1812,94239.35856161309
1813,125217.5220169428
1814,97787.08392676382
1815,51648.88464134086
1816,99474.73518333623
1817,112946.99282748101
1818,147857.04820212585
1819,122134.50528029147
1820,48064.10763677466
1821,106382.16004471373
1822,145338.29123588177
1823,41166.96602637494
1824,131722.45553541463
1825,135808.19309424312
1826,103649.19834804107
1827,104368.01178991048
1828,136911.6718924677
1829,113860.69198600146
1830,140744.07526037062
1831,145550.43424283667
1832,83725.34065426089
1833,140181.5468340427
1834,119274.7474008027
1835,122062.32667748895
1836,124566.37211281189
1837,90430.3423831494
1838,127217.99190260429
1839,90391.01569697891
1840,159626.16700583452
1841,146068.04926852343
1842,82956.67326481434
1843,133942.38118731842
1844,133074.9537155138
1845,142547.2335501508
1846,153379.47209818388
1847,167962.3674184637
1848,56390.30020124637
1849,106520.23221656411
1850,114911.37198319397
1851,149175.02637076934
1852,123722.45235938038
1853,138632.60822164686
1854,168837.8934301645
1855,147898.3913498741
1856,218291.77067667517
1857,144612.60669918614
1858,137725.59960193862
1859,116626.42218304255
1860,153811.17554718792
1861,116352.86091210075
1862,305532.6020269657
1863,292488.5575909157
1864,293235.2451769286
1865,321363.0674364064
1866,336482.07002127654
1867,237885.29416193132
1868,306846.05420923827
1869,202480.80757901352
1870,230567.82265121618
1871,246277.86892322078
1872,170835.39637254935
1873,234547.51092268626
1874,145517.67807977682
1875,198004.7063852084
1876,195058.91130077318
1877,208844.42870494915
1878,207234.81213709997
1879,130257.19639900414
1880,135391.10799002124
1881,237422.6912781626
1882,246080.37650066416
1883,191005.02110562415
1884,205064.87655843695
1885,236951.24262764846
1886,288366.3474197497
1887,203997.6011945235
1888,276090.7062963127
1889,164249.0123092047
1890,122597.73484544364
1891,130234.61863533001
1892,102929.38850540767
1893,130359.72080840991
1894,126365.0968250137
1895,135247.2143929599
1896,124311.97172392659
1897,118548.82439012424
1898,111433.57488874589
1899,157255.46205865886
1900,147424.25905844104
1901,171758.9863737435
1902,142015.21329411288
1903,210343.09141749018
1904,145525.7950277449
1905,192226.9258547197
1906,169589.73730714375
1907,197156.15073844418
1908,110391.15432857895
1909,134068.71805510245
1910,118822.43042484926
1911,214074.97179108142
1912,304694.30320379185
1913,145065.2301461779
1914,53885.8762269851
1915,314367.6649929185
1916,67355.17549455658
1917,247613.06220482037
1918,140629.2849677335
1919,166233.77058564126
1920,149129.95997873845
1921,433613.80205855455
1922,321200.24531156506
1923,213693.2846122657
1924,235827.48144525112
1925,194771.04581811614
1926,411837.1024796877
1927,133471.59467630243
1928,156722.87262900686
1929,122518.37635700572
1930,127522.07181340124
1931,145142.3914751641
1932,139394.89754590014
1933,190569.50067902077
1934,182591.58014912755
1935,174998.5710021836
1936,184856.8972137184
1937,180867.233472228
1938,175952.81215298123
1939,228468.89264380277
1940,187556.7743475433
1941,172371.02517530456
1942,183409.95357302233
1943,199670.64112852764
1944,360516.372275266
1945,402547.30717777554
1946,142985.83107205055
1947,303047.3032315797
1948,172142.5278415972
1949,249077.94930412114
1950,183713.01361107943
1951,252952.304195471
1952,203411.98351718223
1953,165826.76959285044
1954,179060.46251514187
1955,135056.15205284255
1956,287605.0654725082
1957,154165.9284097138
1958,319904.5062912109
1959,140446.45700051705
1960,114414.04784088126
1961,120405.11380308597
1962,94484.8557240003
1963,100880.06554853678
1964,111157.92610678647
1965,144605.4282864384
1966,139506.9965688624
1967,282827.7947936988
1968,455303.68194564723
1969,399851.5085507154
1970,447738.0314029805
1971,452413.41251192987
1972,385892.1688905518
1973,255301.36045081425
1974,321246.21971823496
1975,545465.1831536379
1976,269358.2542950705
1977,363578.19543909107
1978,357284.86380496173
1979,343444.0156940608
1980,198456.7391769598
1981,344807.18978496606
1982,217951.92277323618
1983,204362.86187112523
1984,164809.43715478168
1985,217659.67458000634
1986,212048.7885760154
1987,173334.16824850446
1988,177149.19278706016
1989,192254.26645048842
1990,217419.62120225452
1991,233757.0581074193
1992,212150.0779524139
1993,167440.83662969462
1994,227001.10096916888
1995,187805.51446247764
1996,248947.2803744757
1997,310649.2209704347
1998,343105.6180760839
1999,262132.5080705023
2000,325013.42249885364
2001,279226.2602618778
2002,240389.44862937075
2003,254740.2496093157
2004,277523.0603556372
2005,210119.17861022463
2006,224611.51180059198
2007,250239.3610367584
2008,223986.22644669944
2009,195085.27116789596
2010,189730.78437209886
2011,137034.13080155262
2012,177391.48867191625
2013,181165.7296328136
2014,185358.508749569
2015,199181.158027059
2016,195640.60441232947
2017,196858.79618287546
2018,123115.09620561473
2019,136091.73616217688
2020,106338.15288710225
2021,108924.80481497843
2022,176846.4245061102
2023,142307.2488925926
2024,260066.70719907625
2025,340375.6634796235
2026,177937.984398672
2027,157810.45310122013
2028,151963.1655137884
2029,169603.22427384125
2030,264502.99712519866
2031,221794.79423919594
2032,239388.16055545406
2033,257659.02825324237
2034,169525.43498885463
2035,215988.6940045705
2036,194857.47706814558
2037,203057.00969041878
2038,299868.1989262977
2039,215762.3522790125
2040,269756.7568982303
2041,281610.92833509564
2042,205083.00985490694
2043,171182.07689200947
2044,167759.15228411034
2045,211614.94335696357
2046,143760.46086620016
2047,148119.55479052936
2048,140298.86384620535
2049,139068.32748861378
2050,175482.57800806226
2051,103825.64399010545
2052,128884.17107303039
2053,146342.81459403312
2054,81230.2214842797
2055,160637.35924962384
2056,143072.82839312358
2057,115221.89465405715
2058,223888.96030987543
2059,132809.36278757948
2060,174085.67045082216
2061,170941.90789605654
2062,131211.35980271993
2063,113419.31179690783
2064,143042.41674019853
2065,120978.32312294576
2066,162957.24635080496
2067,114338.19890871922
2068,139780.10347340573
2069,84256.83090752999
2070,114169.22306458362
2071,96269.24054910766
2072,130051.19967917823
2073,137330.89377109986
2074,183614.1682368701
2075,139298.8617610196
2076,119624.30527588517
2077,157483.3323531174
2078,131379.04633377498
2079,131456.01259599946
2080,117159.96557109235
2081,124644.87507491616
2082,126397.49257596122
2083,140208.63799356506
2084,110653.62542628605
2085,122230.84997021173
2086,112181.79825136835
2087,119958.86108446987
2088,95551.17310501871
2089,75938.45399708976
2090,125276.77277906572
2091,118953.12447906565
2092,128545.86890252409
2093,110698.21699759542
2094,107781.1731670874
2095,146068.1569909164
2096,79812.65879140062
2097,90985.3258359594
2098,143299.75382683537
2099,54941.954213524616
2100,81165.4567706181
2101,119457.85821480765
2102,122643.86730685718
2103,104274.2556521481
2104,134225.97827166884
2105,122149.2952031503
2106,66823.4180274013
2107,209431.5398330337
2108,112032.51005836161
2109,110832.82533863955
2110,134504.07393428363
2111,136220.98283411964
2112,141263.4258614321
2113,123785.82261095196
2114,110202.19054516652
2115,160766.92864665628
2116,121025.64042095002
2117,152956.2795454702
2118,127250.30553531201
2119,110102.20467074764
2120,110069.14416191891
2121,87882.80536679423
2122,115965.73941809408
2123,86802.02060572337
2124,159155.08425471862
2125,129222.28986403617
2126,150900.64642166876
2127,151825.32203669532
2128,122416.00839181549
2129,93957.35782745367
2130,140567.7139431344
2131,139481.0774839355
2132,117478.72912159096
2133,123244.22810140853
2134,120329.791766538
2135,96094.78920353002
2136,77143.04925856332
2137,115624.5184824949
2138,131303.72393805016
2139,151574.00281856384
2140,140434.39961433323
2141,144085.31191294757
2142,129193.28648089877
2143,146538.6921024221
2144,117529.74416093162
2145,138936.8311482697
2146,158042.33677738218
2147,145522.42140380177
2148,133254.8585138732
2149,149199.24508676736
2150,219503.8736247123
2151,108111.95587134066
2152,180438.08201213932
2153,162694.8547836212
2154,109431.62480085385
2155,137194.53277250103
2156,269463.9404612581
2157,230953.2676993929
2158,235582.5190378926
2159,204594.82839899044
2160,173245.76598652458
2161,237405.77327579397
2162,392484.04535060213
2163,369522.2308905219
2164,241735.2208486045
2165,202467.20624879393
2166,149870.5132262052
2167,214474.01589600922
2168,199335.94198965502
2169,196502.3824379184
2170,218624.07240794768
2171,154739.09326359117
2172,130150.70442153545
2173,160879.92301238354
2174,230361.56352117358
2175,291751.6427095954
2176,322887.94129544264
2177,244000.80133491577
2178,209687.81149114022
2179,140778.2950710368
2180,221183.3397692229
2181,191130.58894554764
2182,222878.52119499005
2183,191809.39591001818
2184,123663.05228914005
2185,120318.03645696514
2186,145101.24797035017
2187,150805.08467601665
2188,155739.05747037363
2189,267213.82526457217
2190,82697.20409173169
2191,82062.6292879802
2192,91944.14708735331
2193,104412.20471168734
2194,101755.51920585868
2195,109733.76061964047
2196,100742.06443730125
2197,119960.05768001973
2198,156910.25353793384
2199,179588.0393765775
2200,149950.56697134307
2201,138542.9434205008
2202,207749.5284282508
2203,140102.5253143348
2204,185732.72984727682
2205,116228.24022046018
2206,143034.0195844947
2207,223405.94920293693
2208,253174.85928587656
2209,238550.4129253729
2210,119980.9044169926
2211,113121.64992845806
2212,117291.2661100687
2213,108215.6971821328
2214,138169.73970265017
2215,101215.81847609112
2216,147814.28663099435
2217,70860.68031111795
2218,62841.16336231754
2219,57174.7789812825
2220,60326.84162860891
2221,317546.0993492248
2222,281471.27852902934
2223,297342.1788877072
2224,212430.7821558964
2225,118507.22848618792
2226,193974.70247343514
2227,202488.37719501893
2228,256351.11332012955
2229,246714.5944978547
2230,153667.1003705356
2231,216156.30694580125
2232,181668.50238895701
2233,181578.65173895267
2234,235002.932766826
2235,220811.94620329063
2236,263245.4152328372
2237,354524.2840264165
2238,201036.91155425686
2239,113022.65550439476
2240,156720.57053549023
2241,164426.33853699165
2242,124410.58389324618
2243,126894.5965341618
2244,99935.84985429893
2245,98726.3157491069
2246,140198.69056445413
2247,104613.08696874665
2248,126470.88719409137
2249,124712.56198626052
2250,134436.47949151986
2251,107436.81685170639
2252,172806.71163022885
2253,154621.99218739994
2254,177634.84115748608
2255,188877.82388048182
2256,182113.38989007595
2257,208087.94497242552
2258,160829.78953264945
2259,179173.20146763354
2260,155204.0144947407
2261,183669.36937204786
2262,200342.59494236595
2263,379424.6181156753
2264,499801.95370947866
2265,172390.74479063845
2266,289442.33595272334
2267,378931.3404261254
2268,432612.19311270374
2269,150218.3169972307
2270,195582.4062933601
2271,210722.9927348611
2272,198745.22692272422
2273,167028.29649505793
2274,180289.95911973744
2275,165211.91058383597
2276,193424.8256049573
2277,183990.70171599236
2278,143629.59760478936
2279,125263.1520578032
2280,117352.68173442376
2281,175560.81737568852
2282,189812.61734675663
2283,102048.73073299504
2284,108706.39784507058
2285,139791.04261511774
2286,122328.78699897445
2287,347281.7100747833
2288,275513.66251600557
2289,383680.47468268406
2290,463603.8191054766
2291,324534.7987070101
2292,455416.71546862304
2293,493651.9410748323
2294,415505.5823982466
2295,494522.3658750485
2296,284730.425234474
2297,315107.08288397006
2298,325384.1847838955
2299,384844.4801600613
2300,342100.50779133424
2301,291501.8547424853
2302,244982.00248721874
2303,228840.28238688625
2304,236468.21822799428
2305,187393.63077100713
2306,185734.993382507
2307,194462.89988457132
2308,219868.3602204781
2309,273901.0017048149
2310,208989.10003358487
2311,196129.67921549594
2312,173369.84791910253
2313,172361.2091983353
2314,169122.40227360028
2315,174676.2989240676
2316,188195.2754325925
2317,182012.96583693207
2318,177171.50721904146
2319,174973.36021618353
2320,184306.76780274036
2321,232226.56520029833
2322,171154.12328286207
2323,186049.0551469791
2324,174872.11539194267
2325,209056.20505210687
2326,172575.4682248254
2327,209093.47216150077
2328,226802.60241086103
2329,187188.08361015323
2330,179080.6822352227
2331,358793.8925997671
2332,380022.1545783441
2333,313663.1489631403
2334,256010.6650256772
2335,268941.97712514544
2336,331589.00278999226
2337,200400.24844208715
2338,267108.37116282823
2339,215642.40240995373
2340,411710.69422618253
2341,212124.06115793088
2342,222805.70267143752
2343,225156.05318865497
2344,210705.16775896677
2345,231474.5950218367
2346,208679.1324419012
2347,199032.83727589843
2348,232748.74265958698
2349,180589.92970148602
2350,299078.53752849257
2351,259934.04641609907
2352,259057.69753864667
2353,256885.52282680915
2354,137133.7817169525
2355,144693.3274099621
2356,152764.20536772138
2357,194105.36881797021
2358,194067.0311744798
2359,129044.11322096598
2360,115801.6989111771
2361,143315.87654772506
2362,274871.4267651136
2363,137495.8516028138
2364,152431.3886588398
2365,214261.7445642587
2366,191534.65341644103
2367,221472.14701600277
2368,217368.82691126346
2369,213841.60186481153
2370,169166.18509903137
2371,168793.41640437054
2372,193708.2535893399
2373,278041.4438034722
2374,314631.3567724131
2375,251113.59862117277
2376,285686.70088148315
2377,352527.5605371427
2378,142423.67810569203
2379,196873.8458679033
2380,147069.79272462733
2381,162627.8967226206
2382,200618.1987382976
2383,206214.55544944893
2384,243806.36799212248
2385,157570.96422642347
2386,135085.58625245333
2387,136672.5468897405
2388,98895.37841819279
2389,122166.79882491016
2390,148065.920952512
2391,145855.85512629047
2392,116196.54869320308
2393,163294.11846820364
2394,143328.82912735984
2395,207461.61153297685
2396,145035.92930455887
2397,209485.69541077118
2398,136238.72185198579
2399,56871.47397687416
2400,56546.80321997856
2401,113180.63087775912
2402,137571.03852107655
2403,136922.0290247065
2404,150957.90451858338
2405,159362.6355103505
2406,140985.25639382697
2407,123471.36610738463
2408,141474.24522060697
2409,123845.78530196745
2410,166825.6123509533
2411,119814.54711790555
2412,158328.73974241377
2413,130189.7009581933
2414,143623.5692858147
2415,132491.3159533136
2416,124423.73328935492
2417,131776.8492480928
2418,130919.723062433
2419,122574.2352596932
2420,128626.26626935652
2421,150664.77094942238
2422,108409.36702570897
2423,116062.18078974106
2424,150497.17608648294
2425,207658.4903478151
2426,132946.06828220387
2427,132356.10367185157
2428,175727.89568659815
2429,117632.34874746432
2430,130423.14354124245
2431,110521.65638965546
2432,147049.99388786597
2433,147143.54631085013
2434,138534.3588661648
2435,155266.54105870082
2436,106134.9791660815
2437,108785.99551438462
2438,128263.70261645733
2439,109330.44634326182
2440,119096.18856685591
2441,91548.31562679302
2442,98585.23074864785
2443,122696.87493175387
2444,128954.54402989348
2445,84123.60410520056
2446,136617.93204232544
2447,182322.9083511057
2448,135075.74690181634
2449,110211.20224958805
2450,146711.73602912656
2451,129466.72105825986
2452,197710.8815804941
2453,88170.57802309903
2454,125220.36367351336
2455,121592.15263502019
2456,132066.6098313285
2457,133978.18611742347
2458,128665.58461567847
2459,114607.90371175512
2460,134304.51555983204
2461,121603.74697470825
2462,137060.3933629282
2463,122644.30395698684
2464,179752.9017039141
2465,143986.2922515902
2466,119002.91873185044
2467,131252.84219866717
2468,81186.00101264496
2469,78190.51830107963
2470,185231.0867289464
2471,208164.1474315947
2472,162572.0243301396
2473,116075.74182170733
2474,81836.91048430273
2475,212310.1651640642
2476,116952.06270550829
2477,129220.35886787182
2478,150538.63615552417
2479,104336.90694098399
2480,154759.57864619803
2481,121438.9131104972
2482,127994.34358034204
2483,114007.26758003191
2484,123945.4921202185
2485,127685.50292295507
2486,157862.45911296504
2487,182035.85302703164
2488,158223.14631892188
2489,149087.28152558877
2490,151280.40641790803
2491,91405.56269250571
2492,195511.53264475206
2493,152221.12591713926
2494,146309.25485830192
2495,91573.40793900029
2496,241649.18434981184
2497,147066.58079363962
2498,111931.61188763365
2499,90689.86164508577
2500,132683.7516860252
2501,135789.2206996759
2502,150104.42211597553
2503,99170.11019850221
2504,184639.26876544792
2505,222172.40223623102
2506,253674.8594423412
2507,280707.1341695194
2508,253416.1727178572
2509,219776.9958020534
2510,216964.44809897913
2511,176520.1935604508
2512,205274.49497868685
2513,222220.39534706567
2514,264669.24598250515
2515,149808.83075591523
2516,171888.5814038025
2517,140771.93418075377
2518,151414.65473214525
2519,224622.22410387357
2520,215689.77337372722
2521,188784.2322568946
2522,220238.84471939897
2523,125042.62684247571
2524,138971.04281351058
2525,150720.38908816868
2526,135255.0730084096
2527,111288.40333308953
2528,133393.80432369473
2529,129518.14752265527
2530,120499.55261750054
2531,254784.96195741626
2532,223980.0017106663
2533,198345.58587911143
2534,224411.17500627635
2535,304592.07492993155
2536,233712.78240339586
2537,220786.6404208893
2538,181085.1026621093
2539,187126.24635099102
2540,178453.4972094596
2541,179481.38407722034
2542,171131.68056301167
2543,126259.360652338
2544,121971.22631143637
2545,135601.14317796033
2546,127522.51744230933
2547,138636.68599845085
2548,150867.67777230058
2549,160834.52184086584
2550,690641.9972713816
2551,139331.24999948344
2552,128385.29440549032
2553,76646.3194430515
2554,105375.23141198733
2555,117010.37707037339
2556,105346.18118671421
2557,109016.12533355375
2558,156970.48328833358
2559,139794.63658173516
2560,151329.9295147841
2561,137762.99065276422
2562,137693.97991444007
2563,150448.7705338091
2564,208581.08874355262
2565,136893.02433357493
2566,166989.7256236552
2567,139569.42923756485
2568,201199.4721722399
2569,209378.71568316373
2570,116798.90876861895
2571,189244.2558388858
2572,141301.0976713936
2573,216604.65383796114
2574,278455.418251307
2575,129073.7427143691
2576,119473.18728094836
2577,151883.39988431236
2578,82168.50826978005
2579,64314.0511588673
2580,96457.98303386083
2581,99172.56265421191
2582,97466.99501788596
2583,275714.20978087664
2584,166805.27257549207
2585,190624.1056076453
2586,219038.7486508862
2587,190328.4318955451
2588,141661.30992442902
2589,149562.1278937807
2590,210190.25274033681
2591,214715.3451398551
2592,211312.58547590964
2593,243455.73076123916
2594,176978.99433287804
2595,199061.1030658686
2596,319893.94827565027
2597,192462.97331958445
2598,273268.33040344715
2599,310441.2905671593
2600,151551.89335455728
2601,151737.35537409608
2602,81436.2365040187
2603,93227.29283283795
2604,87899.23609331583
2605,76208.50738888189
2606,152927.20831256988
2607,201841.04176305982
2608,198808.74500162038
2609,167732.45141295437
2610,109343.90718539957
2611,122895.21326450972
2612,153171.52627126977
2613,131546.1947231702
2614,127753.93823912457
2615,152610.23309159678
2616,142359.7310398117
2617,183955.25712653063
2618,198986.27686315344
2619,195368.81112662764
2620,182716.51480399477
2621,177284.0199143383
2622,184026.27465522953
2623,244658.8868652782
2624,315232.16821965756
2625,289149.74265100574
2626,172445.5831919196
2627,162408.8749565023
2628,502085.9704141311
2629,522641.2296917827
2630,353715.3941636486
2631,478197.10717542184
2632,451583.0711319953
2633,302653.86364810634
2634,427042.365139212
2635,157580.47441458807
2636,179731.95712297334
2637,178379.4209832545
2638,253082.26660220118
2639,184444.89139429014
2640,153826.007737051
2641,103853.92537835185
2642,190994.64182762633
2643,98419.24020331721
2644,126768.57916466887
2645,104815.47338373493
2646,93727.37558039906
2647,102594.65690681327
2648,142092.39118329922
2649,148399.18254401098
2650,136370.8686682997
2651,140601.7086808369
2652,402111.21285850613
2653,247344.64359161002
2654,251914.98690533207
2655,420155.81503460393
2656,311744.78144826426
2657,338687.27465971804
2658,289652.05083219305
2659,291062.8058680255
2660,352860.6393657017
2661,338186.1318168971
2662,360315.9665741198
2663,275187.58014272904
2664,264447.3114980004
2665,321303.1510959292
2666,277138.15290888544
2667,163470.7461862081
2668,174835.7088472396
2669,178725.508283508
2670,271777.8720524104
2671,180879.0479402509
2672,193760.62145123677
2673,208290.75872889347
2674,199564.4736819824
2675,169665.38170647173
2676,187746.91650456295
2677,196290.06514913592
2678,247015.001769534
2679,270054.5637592644
2680,280006.761849946
2681,409118.82934638904
2682,321957.3965753749
2683,548729.379851621
2684,316164.1260831262
2685,334522.02334806544
2686,256559.3682842496
2687,330468.66213129344
2688,201957.19207463262
2689,198841.9267259859
2690,479096.55906841345
2691,193144.96831763728
2692,135563.98891116283
2693,191891.7761409844
2694,134533.63350723888
2695,193587.1963104679
2696,183570.75292598776
2697,190203.10029003228
2698,189279.043358133
2699,174648.67532796855
2700,159784.38164826273
2701,150183.27441849117
2702,109633.6448549972
2703,116041.13045480319
2704,139967.5672086721
2705,121047.11323944331
2706,115312.8791791097
2707,123593.54897963048
2708,134551.20297186074
2709,108482.66638789183
2710,129471.49483936801
2711,278906.4418111807
2712,395830.4058030098
2713,171796.8378431438
2714,148692.27175561397
2715,171990.48469381075
2716,142428.70327903674
2717,187397.06204590003
2718,224380.75236444417
2719,159853.8487078023
2720,167727.7035014916
2721,135990.50560375454
2722,160577.08588998037
2723,139044.65558372316
2724,129957.11102071956
2725,134240.83871397347
2726,152533.9834332635
2727,184539.58574607086
2728,173862.1630062083
2729,150853.3843275301
2730,147189.94009952527
2731,132073.7662915233
2732,130431.92223675981
2733,158514.8715295747
2734,150688.08480030374
2735,139242.69727717648
2736,146174.6400430943
2737,127437.49865681436
2738,134302.17936160625
2739,160935.05430568795
2740,134882.18332653207
2741,149393.70590991224
2742,150782.56199472642
2743,150580.42696468288
2744,159622.68423717434
2745,138870.87551629514
2746,136511.83933426996
2747,141998.32630466227
2748,125025.7044534346
2749,129842.85106878755
2750,134037.55344272254
2751,136157.08230821532
2752,192769.2618420552
2753,147749.02232683107
2754,229279.9213292881
2755,131074.65096445323
2756,92418.96193903837
2757,67893.7622815421
2758,81036.85811802495
2759,160106.63840977295
2760,126024.58130811018
2761,147244.79986913298
2762,141617.78264655478
2763,179705.06584810675
2764,144254.08692906075
2765,272027.7642414131
2766,132959.4161660269
2767,87853.88706004011
2768,131092.01039376738
2769,133431.46167903702
2770,134495.04049343604
2771,112384.82193072766
2772,114788.65532287676
2773,164700.9181747695
2774,137425.46227862546
2775,117456.01580618996
2776,134494.020856332
2777,139632.60486278078
2778,97417.54849021463
2779,125740.10318452468
2780,97137.89549126162
2781,99203.60234570983
2782,94214.99144523221
2783,103804.92939867324
2784,121955.49206330761
2785,139133.7924344858
2786,63412.503807592315
2787,122619.31895580048
2788,72643.41933622232
2789,169465.02668265902
2790,96682.7247725828
2791,113773.17050254958
2792,53132.06835668979
2793,171369.04953080282
2794,98639.45053210216
2795,125930.74668529733
2796,101410.65107591859
2797,196513.1167296081
2798,109336.24435845485
2799,117992.64055759077
2800,63602.4218354843
2801,110344.93550491029
2802,136165.86643476968
2803,161811.92574154376
2804,128644.37536475822
2805,102364.10715682432
2806,81433.45109536065
2807,156542.7791544106
2808,152121.2006669012
2809,136654.55254806217
2810,132111.40026019327
2811,164843.8939511137
2812,155864.31930824748
2813,155893.5543913258
2814,151369.9718028892
2815,104800.1132016363
2816,239274.58432429997
2817,161171.53647829115
2818,132357.15124816028
2819,164407.0441397883
2820,141043.53152541275
2821,113185.22413178495
2822,197363.78212854033
2823,326752.4614439553
2824,188275.5265776351
2825,150018.46538530226
2826,132812.41947849432
2827,134984.0189353053
2828,218846.02598669604
2829,212293.87423383305
2830,225944.507336527
2831,177609.95673939615
2832,252807.48910230523
2833,291270.276544636
2834,208624.42973858013
2835,217189.96341437547
2836,194932.45295625686
2837,152942.3011814322
2838,151027.22389647222
2839,177194.2118252265
2840,197792.20619947684
2841,203956.46011950556
2842,230086.23264185936
2843,148434.75842670555
2844,159689.47084675843
2845,121755.33426141324
2846,213125.48354350796
2847,204012.42948575452
2848,206404.68760420865
2849,198892.44990947776
2850,279262.2977838649
2851,217778.7372681312
2852,231000.99018667865
2853,238006.06420830757
2854,140829.4041825307
2855,199424.231465258
2856,200462.53417578177
2857,186019.25354397448
2858,196146.48221592233
2859,122295.50209322141
2860,130279.32752011041
2861,120613.35844996493
2862,198379.0346819031
2863,125824.50590643841
2864,251684.9478651108
2865,139346.7327444583
2866,133293.3341623221
2867,96176.39879946946
2868,100177.64624938322
2869,112262.20631286442
2870,123403.62683517417
2871,84266.61448876208
2872,48254.729472392624
2873,100108.88678731979
2874,137975.4060526872
2875,119412.2164521579
2876,162755.54157703673
2877,141872.56416631938
2878,166753.8798618457
2879,141168.0544807255
2880,101361.46635815708
2881,147733.87040859222
2882,180422.68658983044
2883,199768.3615125906
2884,196070.23706770877
2885,193043.47551962305
2886,231987.00465324722
2887,96460.72954667779
2888,133903.64290884434
2889,54675.30627354873
2890,80515.17196900229
2891,133773.9239297018
2892,43331.9143452135
2893,73633.17961928424
2894,48529.96115787416
2895,339487.7221252398
2896,280655.8316106292
2897,198712.9623833736
2898,143049.30478777265
2899,205945.21453458373
2900,162818.8739927432
2901,204968.45290718798
2902,188643.13101286202
2903,346911.6592158916
2904,352950.3856970327
2905,89306.56601718394
2906,202500.24706971092
2907,108737.3749869257
2908,132167.88202774784
2909,144270.46718773694
2910,79359.68513962669
2911,78496.96859630136
2912,143964.2096929951
2913,80022.73966632533
2914,76302.00682521483
2915,80350.37117683489
2916,79828.25593099333
2917,165838.50913340037
2918,118518.1329135519
2919,218715.92291608325
